time,flux,flux_err
2013-04-09 17:54:39.959993,10709.055,4.6048846
2013-04-09 18:24:05.458056,10707.563,4.611144
2013-04-09 18:53:30.964779,10712.814,4.612505
2013-04-09 19:22:56.454242,10713.177,4.609371
2013-04-09 19:52:21.952366,10710.9795,4.608252
2013-04-09 20:21:47.459139,10714.609,4.614361
2013-04-09 20:51:12.948663,10709.101,4.6104484
2013-04-09 21:20:38.455476,10704.23,4.607542
2013-04-09 21:50:03.953680,10717.821,4.610216
2013-04-09 22:19:29.451894,10716.465,4.6141906
2013-04-09 22:48:54.950128,10703.726,4.6133027
2013-04-09 23:18:20.448382,10718.015,4.613748
2013-04-09 23:47:45.946646,10710.55,4.6107845
2013-04-10 00:17:11.444940,10714.916,4.6172976
2013-04-10 00:46:36.943244,10710.593,4.6213355
2013-04-10 01:16:02.441569,10710.938,4.6189694
2013-04-10 01:45:27.939924,10710.36,4.613628
2013-04-10 02:14:53.438278,10718.114,4.6179566
2013-04-10 02:44:18.936663,10710.03,4.614431
2013-04-10 03:13:44.435068,10714.954,4.6183
2013-04-10 03:43:09.933493,10711.889,4.6236415
2013-04-10 04:12:35.440568,10715.089,4.6170707
2013-04-10 04:42:00.930384,10711.907,4.6223583
2013-04-10 05:11:26.428858,10713.841,4.620861
2013-04-10 05:40:51.935994,10713.323,4.614419
2013-04-10 06:10:17.425870,10703.456,4.619819
2013-04-10 06:39:42.933035,10709.976,4.622905
2013-04-10 07:09:08.431591,10720.594,4.627372
2013-04-10 07:38:33.921517,10712.252,4.626464
2013-04-10 08:07:59.428743,10711.906,4.626113
2013-04-10 08:37:24.927349,10709.196,4.6232157
2013-04-10 09:06:50.417335,10714.367,4.628484
2013-04-10 09:36:15.924621,10708.694,4.625931
2013-04-10 10:05:41.423278,10710.819,4.6229873
2013-04-10 10:35:06.930604,10718.555,4.6271143
2013-04-10 11:04:32.420661,10714.112,4.619644
2013-04-10 11:33:57.919378,10708.116,4.6262746
2013-04-10 12:03:23.426754,10702.615,4.623669
2013-04-10 12:32:48.916872,10715.214,4.630044
2013-04-10 13:02:14.415639,10708.364,4.627081
2013-04-10 13:31:39.923076,10713.491,4.6265345
2013-04-10 14:01:05.413243,10717.5625,4.6288323
2013-04-10 14:30:30.920711,10715.9375,4.6284037
2013-04-10 14:59:56.419558,10701.7705,4.6254725
2013-04-10 15:29:21.909785,10713.524,4.6273003
2013-04-10 15:58:47.417313,10708.416,4.6286097
2013-04-10 16:28:12.916211,10714.793,4.6294575
2013-04-10 16:57:38.406489,10711.94,4.6289883
2013-04-10 17:27:03.914067,10715.859,4.627468
2013-04-10 17:56:29.413025,10724.02,4.631793
2013-04-10 18:25:54.903363,10709.61,4.6311707
2013-04-10 18:55:20.411002,10717.989,4.630356
2013-04-10 19:24:45.910010,10721.119,4.6314907
2013-04-10 19:54:11.409049,10711.258,4.6291084
2013-04-10 20:23:36.908098,10712.433,4.63101
2013-04-10 20:53:02.407166,10708.165,4.632715
2013-04-10 21:22:27.914895,10714.055,4.628947
2013-04-10 21:51:53.405354,10716.379,4.629396
2013-04-10 22:21:18.904483,10719.401,4.634637
2013-04-10 22:50:44.412262,10715.066,4.6311436
2013-04-10 23:20:09.902782,10708.704,4.6305633
2013-04-10 23:49:35.410601,10713.184,4.6304
2013-04-11 00:19:00.909801,10719.648,4.631435
2013-04-11 00:48:26.400380,10720.518,4.630562
2013-04-11 01:17:51.908250,10709.888,4.633323
2013-04-11 01:47:17.407510,10712.836,4.6280513
2013-04-11 02:16:42.898140,10705.263,4.6325536
2013-04-11 02:46:08.406070,10708.079,4.6313486
2013-04-11 03:15:33.905370,10712.275,4.631896
2013-04-11 03:44:59.404700,10711.933,4.633493
2013-04-11 04:14:24.904040,10708.713,4.632952
2013-04-11 04:43:50.403411,10706.384,4.632392
2013-04-11 05:42:41.402192,10718.93,4.6336846
2013-04-11 06:12:06.901603,10711.173,4.6348257
2013-04-11 06:41:32.409684,10714.988,4.6328516
2013-04-11 07:10:57.900495,10708.037,4.632149
2013-04-11 07:40:23.399976,10715.713,4.635049
2013-04-11 08:09:48.908107,10701.713,4.635004
2013-04-11 11:06:21.905437,10756.705,4.6270285
2013-04-11 11:35:47.396419,10693.408,4.6325736
2013-04-11 12:05:12.904691,10677.237,4.622809
2013-04-11 12:34:38.404353,10709.792,4.637031
2013-04-11 13:04:03.912665,10709.384,4.635994
2013-04-11 13:33:29.403718,10706.295,4.6339693
2013-04-11 14:02:54.903430,10712.072,4.6351056
2013-04-11 14:32:20.411803,10687.037,4.6329665
2013-04-11 15:01:45.902906,10704.854,4.6368685
2013-04-11 15:31:11.402678,10716.358,4.633241
2013-04-11 16:00:36.911101,10714.972,4.63694
2013-04-11 16:30:02.402265,10716.659,4.629142
2013-04-11 16:59:27.902077,10721.689,4.6349235
2013-04-11 17:28:53.410561,10710.456,4.637694
2013-04-11 17:58:18.901774,10721.617,4.6397653
2013-04-11 18:27:44.410287,10722.616,4.637482
2013-04-11 18:57:09.910181,10709.712,4.6378345
2013-04-11 19:26:35.410095,10709.645,4.63703
2013-04-11 19:56:00.910028,10706.371,4.638918
2013-04-11 20:25:26.409972,10723.502,4.6393642
2013-04-11 20:54:51.909947,10725.318,4.6402617
2013-04-11 21:24:17.409930,10723.126,4.639239
2013-04-11 21:53:42.909925,10716.326,4.6400414
2013-04-11 22:23:08.418589,10712.6875,4.638686
2013-04-11 22:52:33.909993,10720.8125,4.637728
2013-04-11 23:21:59.410048,10723.559,4.6389055
2013-04-11 23:51:24.910123,10720.281,4.6388707
2013-04-12 00:20:50.410217,10709.726,4.63773
2013-04-12 00:50:15.910332,10705.6455,4.6379385
2013-04-12 01:19:41.419097,10711.95,4.6372156
2013-04-12 01:49:06.910602,10710.337,4.636641
2013-04-12 02:18:32.410777,10721.826,4.639674
2013-04-12 02:47:57.919593,10712.292,4.63789
2013-04-12 03:17:23.411157,10721.038,4.639649
2013-04-12 03:46:48.920023,10712.111,4.6408324
2013-04-12 04:16:14.420258,10720.969,4.6406865
2013-04-12 04:45:39.911874,10704.299,4.638081
2013-04-12 05:15:05.420790,10716.99,4.6391053
2013-04-12 05:44:30.921086,10710.624,4.637371
2013-04-12 06:13:56.412752,10712.182,4.638563
2013-04-12 06:43:21.921728,10710.403,4.6389546
2013-04-12 07:12:47.422074,10730.395,4.6417856
2013-04-12 07:42:12.931080,10713.493,4.6401415
2013-04-12 08:11:38.422817,10708.293,4.6375976
2013-04-12 08:41:03.923224,10713.341,4.639787
2013-04-12 09:10:29.432280,10707.997,4.639016
2013-04-12 09:39:54.924077,10716.484,4.6402125
2013-04-12 10:09:20.424533,10710.619,4.639224
2013-04-12 10:38:45.933650,10715.476,4.6386185
2013-04-12 11:08:11.425497,10713.066,4.638292
2013-04-12 11:37:36.926015,10703.982,4.638669
2013-04-12 12:07:02.435182,10715.172,4.638266
2013-04-12 12:36:27.935729,10720.567,4.6393833
2013-04-12 13:05:53.436286,10713.995,4.638228
2013-04-12 13:35:18.936874,10708.931,4.6377196
2013-04-12 14:04:44.428832,10713.563,4.6382637
2013-04-12 14:34:09.938089,10726.859,4.6429515
2013-04-12 15:03:35.438727,10711.647,4.6380033
2013-04-12 15:33:00.930735,10729.984,4.639772
2013-04-12 16:02:26.440053,10710.8125,4.635469
2013-04-12 16:31:51.940741,10715.904,4.6387687
2013-04-12 17:01:17.450090,10713.932,4.638467
2013-04-12 17:30:42.942178,10714.334,4.6360044
2013-04-12 18:00:08.442917,10722.414,4.637242
2013-04-12 18:29:33.952325,10720.752,4.638492
2013-04-12 18:58:59.444464,10707.02,4.635779
2013-04-12 19:28:24.945263,10717.792,4.6349015
2013-04-12 19:57:50.454712,10718.614,4.6365423
2013-04-12 20:27:15.946910,10707.119,4.637415
2013-04-12 20:56:41.456400,10719.134,4.6357603
2013-04-12 21:26:06.957269,10709.097,4.634469
2013-04-12 21:55:32.449518,10712.84,4.6367855
2013-04-12 22:24:57.959063,10717.245,4.6374407
2013-04-12 22:54:23.459987,10715.967,4.637019
2013-04-12 23:23:48.952286,10713.857,4.6348453
2013-04-12 23:53:14.461886,10707.533,4.63667
2013-04-13 00:22:39.962867,10717.45,4.6372385
2013-04-13 00:52:05.463861,10711.799,4.639743
2013-04-13 01:21:30.964876,10718.527,4.637342
2013-04-13 01:50:56.465907,10715.199,4.6383867
2013-04-13 02:20:21.975597,10715.644,4.634916
2013-04-13 02:49:47.468022,10715.387,4.6386795
2013-04-13 03:19:12.969108,10718.199,4.63698
2013-04-13 03:48:38.478848,10715.872,4.636945
2013-04-13 04:18:03.979969,10719.594,4.631945
2013-04-13 04:47:29.472470,10719.132,4.6357574
2013-04-13 05:16:54.982265,10714.351,4.639058
2013-04-13 05:46:20.474796,10723.171,4.6372576
2013-04-13 06:15:45.984627,10719.553,4.636182
2013-04-13 06:45:11.485838,10715.06,4.636116
2013-04-13 07:14:36.978425,10715.096,4.6317396
2013-04-13 07:44:02.488312,10714.248,4.6352224
2013-04-13 08:13:27.989573,10721.423,4.6383862
2013-04-13 08:42:53.482214,10723.137,4.6375422
2013-04-13 09:12:18.992156,10718.788,4.6371098
2013-04-13 09:41:44.493473,10716.582,4.63686
2013-04-13 10:11:09.986165,10715.609,4.63609
2013-04-13 10:40:35.496157,10722.543,4.634531
2013-04-13 11:10:00.997529,10720.753,4.6366487
2013-04-13 11:39:26.507556,10716.014,4.631994
2013-04-13 12:08:52.000323,10706.713,4.6338396
2013-04-13 12:38:17.501746,10711.062,4.637407
2013-04-13 13:07:43.011828,10725.705,4.635532
2013-04-13 13:37:08.504646,10719.295,4.6373057
2013-04-13 14:06:34.006124,10723.1045,4.636897
2013-04-13 14:35:59.516257,10717.241,4.6355352
2013-04-13 15:05:25.009129,10719.854,4.635184
2013-04-13 15:34:50.519297,10719.0,4.637169
2013-04-13 16:04:16.020846,10720.973,4.635861
2013-04-13 16:33:41.522409,10714.426,4.6343217
2013-04-13 17:03:07.023992,10715.23,4.6354547
2013-04-13 17:32:32.525596,10717.59,4.637252
2013-04-13 18:01:58.027214,10720.079,4.6367793
2013-04-13 18:31:23.528853,10717.243,4.636591
2013-04-13 19:00:49.030507,10720.312,4.6341286
2013-04-13 19:30:14.532175,10718.902,4.6313334
2013-04-13 19:59:40.042504,10725.833,4.635515
2013-04-13 20:29:05.535574,10716.971,4.636831
2013-04-13 20:58:31.037297,10713.699,4.637147
2013-04-13 21:27:56.539042,10722.885,4.638793
2013-04-13 21:57:22.040801,10718.485,4.6346436
2013-04-13 22:26:47.551215,10718.774,4.6344795
2013-04-13 22:56:13.044370,10709.982,4.6344337
2013-04-13 23:25:38.546185,10719.744,4.635337
2013-04-13 23:55:04.056660,10712.92,4.6374297
2013-04-14 00:24:29.549865,10716.7,4.6373167
2013-04-14 00:53:55.060370,10708.609,4.6294527
2013-04-14 01:23:20.562254,10711.623,4.6336555
2013-04-14 01:52:46.055515,10712.11,4.636903
2013-04-14 02:22:11.566075,10715.319,4.63922
2013-04-14 02:51:37.068010,10718.944,4.6377435
2013-04-14 03:21:02.561326,10712.174,4.6325407
2013-04-14 03:50:28.071942,10711.301,4.6356936
2013-04-14 04:19:53.573927,10711.79,4.6347985
2013-04-14 05:18:44.577959,10709.015,4.637623
2013-04-14 05:48:10.080005,10713.892,4.6344485
2013-04-14 06:17:35.590701,10716.777,4.6361594
2013-04-14 06:47:01.084143,10717.557,4.6378922
2013-04-14 07:16:26.586233,10713.763,4.635758
2013-04-14 07:45:52.096990,10733.23,4.6378098
2013-04-14 08:15:17.599116,10705.184,4.6349297
2013-04-14 08:44:43.092628,10712.363,4.6347947
2013-04-14 09:14:08.603430,10719.545,4.6377997
2013-04-14 09:43:34.105616,10723.145,4.6339316
2013-04-14 10:12:59.607814,10705.915,4.636319
2013-04-14 10:42:25.110031,10719.574,4.6369
2013-04-14 11:11:50.612267,10719.172,4.6365137
2013-04-14 11:41:16.114520,10709.762,4.6355534
2013-04-14 12:10:41.616792,10709.102,4.637093
2013-04-14 12:40:07.119079,10704.603,4.6364264
2013-04-14 13:09:32.621387,10721.276,4.634979
2013-04-14 13:38:58.123710,10719.983,4.6369386
2013-04-14 14:08:23.634692,10719.274,4.6360145
2013-04-14 14:37:49.128410,10715.125,4.6416855
2013-04-14 15:07:14.630784,10716.302,4.6351047
2013-04-14 15:36:40.141816,10706.61,4.637127
2013-04-14 16:06:05.635589,10718.332,4.636783
2013-04-14 16:35:31.138018,10712.358,4.6368794
2013-04-14 17:04:56.649101,10712.976,4.6384435
2013-04-14 17:34:22.142924,10714.273,4.635953
2013-04-14 18:03:47.645408,10714.216,4.636982
2013-04-14 18:33:13.156542,10708.025,4.6345396
2013-04-14 19:02:38.650420,10709.237,4.635464
2013-04-14 19:32:04.161595,10714.755,4.6385803
2013-04-14 20:01:29.664143,10718.153,4.638488
2013-04-14 20:30:55.158072,10717.907,4.639263
2013-04-14 21:00:20.669297,10712.37,4.63578
2013-04-14 21:29:46.171896,10716.923,4.6356735
2013-04-14 21:59:11.674520,10713.432,4.6388726
2013-04-14 22:28:37.177155,10710.1,4.634947
2013-04-14 22:58:02.679809,10720.314,4.6385827
2013-04-14 23:27:28.191124,10719.609,4.6372485
2013-04-14 23:56:53.693814,10722.681,4.6370993
2013-04-15 00:26:19.187878,10720.661,4.63848
2013-04-15 00:55:44.699243,10720.112,4.636556
2013-04-15 01:25:10.201983,10715.424,4.635502
2013-04-15 01:54:35.696103,10706.068,4.637482
2013-04-15 02:24:01.207519,10718.841,4.637285
2013-04-15 02:53:26.710314,10726.273,4.6360564
2013-04-15 03:22:52.204484,10712.564,4.638128
2013-04-15 03:52:17.715955,10716.895,4.6406775
2013-04-15 04:21:43.210161,10715.504,4.637444
2013-04-15 04:51:08.721661,10711.425,4.637119
2013-04-15 05:20:34.224543,10718.771,4.6347303
2013-04-15 05:49:59.718804,10732.814,4.636588
2013-04-15 06:19:25.230359,10707.458,4.6384006
2013-04-15 06:48:50.733291,10714.485,4.6363387
2013-04-15 07:18:16.227602,10712.12,4.636419
2013-04-15 07:47:41.739208,10718.878,4.637053
2013-04-15 08:17:07.242195,10715.816,4.635875
2013-04-15 08:46:32.753836,10718.602,4.6351757
2013-04-15 09:15:58.248213,10714.553,4.6372743
2013-04-15 09:45:23.751250,10712.38,4.6382213
2013-04-15 10:14:49.262946,10712.526,4.638275
2013-04-15 10:44:14.757373,10716.356,4.638914
2013-04-15 11:13:40.260466,10716.115,4.640037
2013-04-15 11:43:05.772207,10712.702,4.637217
2013-04-15 12:12:31.266690,10709.674,4.637187
2013-04-15 12:41:56.769832,10717.802,4.638274
2013-04-15 13:11:22.281630,10715.102,4.6392727
2013-04-15 13:40:47.784802,10725.007,4.6394734
2013-04-15 14:10:13.287995,10721.992,4.6364455
2013-04-15 14:39:38.791208,10716.418,4.6371193
2013-04-15 15:09:04.294431,10727.329,4.6380177
2013-04-15 15:38:29.797674,10721.821,4.6377873
2013-04-15 16:07:55.300936,10718.59,4.6360745
2013-04-15 16:37:20.804215,10710.477,4.636109
2013-04-15 17:06:46.316148,10719.832,4.637468
2013-04-15 17:36:11.810821,10721.645,4.638462
2013-04-15 18:05:37.322790,10725.193,4.6391006
2013-04-15 18:35:02.826139,10713.383,4.637437
2013-04-15 19:04:28.320862,10728.422,4.63949
2013-04-15 19:33:53.832881,10712.126,4.6372037
2013-04-15 20:03:19.327640,10715.135,4.637508
2013-04-15 20:32:44.831059,10722.042,4.641052
2013-04-15 21:02:10.343133,10722.423,4.639059
2013-04-15 21:31:35.837942,10719.456,4.6394625
2013-04-15 22:01:01.341406,10721.538,4.6392674
2013-04-15 22:30:26.853531,10723.837,4.638523
2013-04-15 22:59:52.348390,10719.69,4.638703
2013-04-15 23:29:17.860549,10719.016,4.6389513
2013-04-15 23:58:43.364089,10722.621,4.6401606
2013-04-16 00:28:08.858999,10716.669,4.6395326
2013-04-16 00:57:34.371209,10721.801,4.6375995
2013-04-16 01:26:59.874794,10720.895,4.640821
2013-04-16 01:56:25.378399,10720.841,4.6390767
2013-04-16 02:25:50.882024,10720.346,4.6379676
2013-04-16 02:55:16.385659,10711.303,4.6401644
2013-04-16 03:24:41.897954,10719.825,4.639099
2013-04-16 03:54:07.392990,10708.612,4.6402507
2013-04-16 04:23:32.896676,10711.431,4.6379967
2013-04-16 04:52:58.409022,10722.096,4.6383553
2013-04-16 05:22:23.912747,10716.904,4.637021
2013-04-16 05:51:49.407848,10718.756,4.638452
2013-04-16 06:21:14.920249,10723.737,4.6396284
2013-04-16 06:50:40.424020,10725.321,4.6383796
2013-04-16 07:20:05.927811,10722.208,4.639299
2013-04-16 07:49:31.431623,10723.85,4.640283
2013-04-16 08:18:56.935449,10721.721,4.640045
2013-04-16 08:48:22.447930,10719.833,4.6393113
2013-04-16 09:17:47.943151,10709.038,4.636944
2013-04-16 09:47:13.447028,10710.511,4.638646
2013-04-16 10:16:38.959565,10723.215,4.6398377
2013-04-16 10:46:04.454831,10716.751,4.6385446
2013-04-16 11:15:29.958764,10720.085,4.6387687
2013-04-16 11:44:55.462706,10717.478,4.6380773
2013-04-16 12:14:20.966668,10728.667,4.6403823
2013-04-16 12:43:46.479290,10717.485,4.6382375
2013-04-16 13:13:11.974643,10721.457,4.6386857
2013-04-16 13:42:37.478660,10729.964,4.638163
2013-04-16 14:12:02.991327,10722.546,4.63842
2013-04-16 14:41:28.486735,10720.562,4.6394806
2013-04-16 15:10:53.990797,10726.693,4.640926
2013-04-16 15:40:19.503521,10721.472,4.6397996
2013-04-16 16:09:44.998979,10722.253,4.6394053
2013-04-16 16:39:10.511731,10722.581,4.638952
2013-04-16 17:08:36.015865,10719.671,4.639035
2013-04-16 17:38:01.511373,10722.697,4.63823
2013-04-16 18:07:27.024181,10718.311,4.6379347
2013-04-16 18:36:52.528359,10718.527,4.6393046
2013-04-16 19:06:18.032563,10720.766,4.639133
2013-04-16 19:35:43.536776,10714.828,4.63657
2013-04-16 20:05:09.041010,10711.1,4.637409
2013-04-16 20:34:34.545259,10721.173,4.637436
2013-04-16 21:04:00.058168,10721.671,4.6401258
2013-04-16 21:33:25.553812,10721.256,4.6398563
2013-04-16 22:02:51.066756,10716.33,4.6384478
2013-04-16 22:32:16.571070,10726.937,4.638033
2013-04-16 23:01:42.066765,10712.162,4.637176
2013-04-16 23:31:07.579759,10713.969,4.636098
2013-04-17 00:00:33.084128,10723.207,4.6386375
2013-04-17 00:29:58.579873,10719.411,4.6369667
2013-04-17 00:59:24.092913,10722.614,4.634547
2013-04-17 01:28:49.597332,10720.761,4.6385446
2013-04-17 01:58:15.101767,10722.683,4.6394553
2013-04-17 02:27:40.606222,10725.174,4.6389813
2013-04-17 02:57:06.102052,10714.917,4.6377807
2013-04-17 03:26:31.615178,10722.309,4.6393743
2013-04-17 03:55:57.119678,10725.381,4.6379604
2013-04-17 04:54:48.128739,10721.324,4.6364794
2013-04-17 05:24:13.633289,10724.219,4.6377873
2013-04-17 05:53:39.137860,10714.102,4.6382256
2013-04-17 06:23:04.642451,10729.358,4.638283
2013-04-17 06:52:30.147052,10725.241,4.6368303
2013-04-17 07:21:55.660312,10724.467,4.6374917
2013-04-17 07:51:21.156308,10723.102,4.6369114
2013-04-17 08:20:46.660964,10717.188,4.636292
2013-04-17 08:50:12.174276,10714.535,4.639121
2013-04-17 09:19:37.678962,10728.511,4.6410017
2013-04-17 09:49:03.175029,10720.191,4.639018
2013-04-17 10:18:28.688390,10729.161,4.642597
2013-04-17 10:47:54.193127,10715.745,4.6389437
2013-04-17 11:17:19.697883,10714.16,4.638413
2013-04-17 11:46:45.202655,10729.5,4.636419
2013-04-17 12:16:10.707442,10722.7295,4.638408
2013-04-17 12:45:36.212249,10714.559,4.6391735
2013-04-17 13:15:01.717071,10725.563,4.639661
2013-04-17 13:44:27.221909,10720.841,4.635583
2013-04-17 14:13:52.735406,10720.163,4.637557
2013-04-17 14:43:18.231633,10724.704,4.637673
2013-04-17 15:12:43.745161,10726.075,4.6358304
2013-04-17 15:42:09.250068,10717.95,4.6386695
2013-04-17 16:11:34.746351,10718.909,4.6382604
2013-04-17 16:41:00.259929,10721.21,4.636657
2013-04-17 17:10:25.764881,10723.585,4.6363044
2013-04-17 17:39:51.261215,10711.751,4.637538
2013-04-17 18:09:16.774843,10717.383,4.6363525
2013-04-17 18:38:42.271211,10726.439,4.637564
2013-04-17 19:08:07.776234,10717.539,4.6351666
2013-04-17 19:37:33.289908,10722.18,4.637392
2013-04-17 20:06:58.786326,10721.438,4.637674
2013-04-17 20:36:24.300040,10716.4375,4.639202
2013-04-17 21:05:49.805128,10716.525,4.6376667
2013-04-17 21:35:15.301592,10717.093,4.6375813
2013-04-17 22:04:40.815351,10719.5205,4.636644
2013-04-17 22:34:06.320490,10723.812,4.638068
2013-04-17 23:03:31.825644,10723.277,4.6402087
2013-04-17 23:32:57.330818,10714.94,4.633842
2013-04-18 00:02:22.836002,10722.834,4.635226
2013-04-18 00:31:48.349851,10730.775,4.6399364
2013-04-18 01:01:13.846431,10722.912,4.638162
2013-04-18 01:30:39.351671,10717.448,4.6345296
2013-04-18 02:00:04.865565,10713.7705,4.637222
2013-04-18 02:29:30.370835,10722.785,4.634685
2013-04-18 02:58:55.867480,10724.886,4.640862
2013-04-18 03:28:21.381424,10721.355,4.6384454
2013-04-18 03:57:46.886744,10716.636,4.6348143
2013-04-18 04:27:12.383445,10722.316,4.639636
2013-04-18 04:56:37.897440,10717.059,4.637278
2013-04-18 05:26:03.402805,10713.146,4.6377606
2013-04-18 05:55:28.916835,10723.799,4.6391463
2013-04-18 06:24:54.413596,10717.216,4.6374135
2013-04-18 06:54:19.919016,10720.816,4.6348767
2013-04-18 07:23:45.433092,10717.722,4.634834
2013-04-18 07:53:10.929908,10723.057,4.6399174
2013-04-18 08:22:36.435374,10720.996,4.6367574
2013-04-18 08:52:01.949499,10717.191,4.635805
2013-04-18 09:21:27.446361,10717.003,4.632995
2013-04-18 09:50:52.960522,10722.325,4.6370673
2013-04-18 10:20:18.457418,10726.078,4.638806
2013-04-18 10:49:43.962969,10727.565,4.6384754
2013-04-18 11:19:09.477176,10717.358,4.6368256
2013-04-18 11:48:34.974123,10718.754,4.638608
2013-04-18 12:18:00.479724,10720.515,4.6369815
2013-04-18 12:47:25.993981,10716.418,4.6371603
2013-04-18 13:16:51.490972,10720.96,4.639516
2013-04-18 13:46:16.996624,10711.807,4.634098
2013-04-18 14:15:42.510932,10720.707,4.63575
2013-04-18 14:45:08.016613,10718.28,4.6364436
2013-04-18 15:14:33.522316,10726.121,4.634886
2013-04-18 15:43:59.028028,10716.752,4.6363087
2013-04-18 16:13:24.533765,10721.889,4.6377077
2013-04-18 16:42:50.039513,10723.528,4.63745
2013-04-18 17:12:15.545276,10723.249,4.6377273
2013-04-18 17:41:41.051058,10715.824,4.6400113
2013-04-18 18:11:06.565496,10717.364,4.638122
2013-04-18 18:40:32.062669,10721.223,4.639452
2013-04-18 19:09:57.577142,10723.18,4.637885
2013-04-18 19:39:23.082990,10723.808,4.6364794
2013-04-18 20:08:48.580213,10720.779,4.639184
2013-04-18 20:38:14.094731,10719.624,4.638547
2013-04-18 21:07:39.600630,10731.045,4.636196
2013-04-18 21:37:05.097903,10716.747,4.63894
2013-04-18 22:06:30.612471,10719.092,4.6403055
2013-04-18 22:35:56.118415,10727.671,4.638623
2013-04-18 23:05:21.615739,10714.075,4.638577
2013-04-18 23:34:47.130357,10722.928,4.6381974
2013-04-19 00:04:12.636347,10718.598,4.634167
2013-04-19 00:33:38.151000,10718.8125,4.6368937
2013-04-19 01:03:03.648384,10721.659,4.637028
2013-04-19 01:32:29.145789,10719.594,4.6366353
2013-04-19 02:01:54.660488,10722.187,4.6370735
2013-04-19 02:31:20.166562,10719.25,4.6386733
2013-04-19 03:00:45.672657,10723.788,4.6385837
2013-04-19 03:30:11.178766,10719.758,4.639143
2013-04-19 03:59:36.684891,10716.961,4.6361876
2013-04-19 04:29:02.199671,10715.991,4.6380043
2013-04-19 04:58:27.697186,10716.1,4.634386
2013-04-19 05:27:53.203361,10721.754,4.638062
2013-04-19 05:57:18.718191,10719.28,4.6361437
2013-04-19 06:26:44.224396,10724.542,4.6379824
2013-04-19 06:56:09.721976,10719.477,4.6351595
2013-04-19 07:25:35.236857,10723.41,4.6368465
2013-04-19 07:55:00.743112,10725.047,4.637785
2013-04-19 08:24:26.249382,10720.969,4.6385508
2013-04-19 08:53:51.755668,10725.531,4.637855
2013-04-19 09:23:17.261973,10722.724,4.6359453
2013-04-19 09:52:42.776929,10723.78,4.6372066
2013-04-19 10:22:08.274625,10720.125,4.6350627
2013-04-19 10:51:33.780976,10726.392,4.638244
2013-04-19 11:20:59.295987,10722.47,4.6387763
2013-04-19 11:50:24.793729,10722.314,4.6395464
2013-04-19 12:19:50.300129,10721.332,4.634529
2013-04-19 12:49:15.815186,10714.132,4.636895
2013-04-19 13:18:41.312983,10730.292,4.6352854
2013-04-19 13:48:06.828069,10724.373,4.636851
2013-04-19 14:17:32.334536,10724.138,4.6365957
2013-04-19 14:46:57.832378,10718.38,4.637102
2013-04-19 15:16:23.347509,10725.375,4.635571
2013-04-19 15:45:48.854026,10719.128,4.6329284
2013-04-19 16:15:14.351913,10714.063,4.638527
2013-04-19 16:44:39.867100,10722.922,4.637519
2013-04-19 17:14:05.365022,10721.902,4.639302
2013-04-19 17:43:30.880240,10722.179,4.637907
2013-04-19 18:12:56.386832,10723.646,4.6358876
2013-04-19 18:42:21.884805,10716.378,4.633579
2013-04-19 19:11:47.400072,10720.848,4.634462
2013-04-19 19:41:12.906710,10714.222,4.6342316
2013-04-19 20:10:38.413373,10730.836,4.636039
2013-04-19 20:40:03.920046,10726.041,4.6362147
2013-04-19 21:09:29.426733,10725.177,4.63596
2013-04-19 21:38:54.933441,10718.39,4.634959
2013-04-19 22:08:20.440165,10720.699,4.634259
2013-04-19 22:37:45.946902,10722.373,4.636525
2013-04-19 23:07:11.462296,10716.323,4.6322145
2013-04-19 23:36:36.969069,10715.31,4.63296
2013-04-20 00:06:02.467218,10714.846,4.635506
2013-04-20 00:35:27.982662,10736.248,4.636623
2013-04-20 01:04:53.489475,10722.884,4.6380396
2013-04-20 01:34:18.987674,10716.492,4.6361084
2013-04-20 02:03:44.503163,10724.891,4.633416
2013-04-20 02:33:10.010026,10721.507,4.635485
2013-04-20 03:02:35.525551,10725.4375,4.6361666
2013-04-20 03:32:01.023810,10714.945,4.637367
2013-04-20 04:30:52.046298,10718.632,4.6386023
2013-04-20 05:00:17.544603,10720.93,4.635349
2013-04-20 05:29:43.051567,10723.048,4.6372466
2013-04-20 05:59:08.567187,10722.898,4.6393495
2013-04-20 06:28:34.065542,10723.765,4.6338186
2013-04-20 06:57:59.572552,10718.85,4.63739
2013-04-20 07:27:25.088216,10716.8,4.63452
2013-04-20 07:56:50.586622,10724.495,4.636808
2013-04-20 08:26:16.102321,10718.748,4.6373534
2013-04-20 08:55:41.600752,10717.869,4.635156
2013-04-20 09:25:07.107842,10717.41,4.635747
2013-04-20 09:54:32.623592,10729.734,4.6385307
2013-04-20 10:23:58.122073,10723.264,4.6374774
2013-04-20 10:53:23.629208,10715.235,4.635887
2013-04-20 11:22:49.145004,10722.647,4.6350603
2013-04-20 11:52:14.652175,10724.039,4.6377378
2013-04-20 12:21:40.159361,10722.215,4.6375628
2013-04-20 12:51:05.666561,10718.233,4.634789
2013-04-20 13:20:31.173777,10722.343,4.636847
2013-04-20 13:49:56.681014,10717.898,4.636048
2013-04-20 14:19:22.188259,10717.271,4.635634
2013-04-20 14:48:47.695526,10719.498,4.6393814
2013-04-20 15:18:13.211447,10717.073,4.638204
2013-04-20 15:47:38.710103,10715.631,4.6379886
2013-04-20 16:17:04.226060,10727.991,4.638103
2013-04-20 16:46:29.733387,10713.198,4.635679
2013-04-20 17:15:55.232093,10714.646,4.636957
2013-04-20 17:45:20.748090,10725.809,4.6390696
2013-04-20 18:14:46.255467,10720.036,4.638314
2013-04-20 18:44:11.754219,10716.416,4.6388154
2013-04-20 19:13:37.270266,10714.898,4.6380095
2013-04-20 19:43:02.777689,10727.931,4.638677
2013-04-20 20:12:28.276491,10723.362,4.636974
2013-04-20 20:41:53.792588,10719.784,4.6364813
2013-04-20 21:11:19.300056,10719.084,4.635686
2013-04-20 21:40:44.807543,10721.412,4.6377463
2013-04-20 22:10:10.315046,10721.096,4.63808
2013-04-20 22:39:35.822564,10720.633,4.6382213
2013-04-20 23:09:01.330096,10722.782,4.6379104
2013-04-20 23:38:26.837649,10718.63,4.6362395
2013-04-21 00:07:52.345213,10724.999,4.638088
2013-04-21 00:37:17.852795,10725.743,4.638212
2013-04-21 01:06:43.360389,10723.816,4.637696
2013-04-21 01:36:08.876642,10710.961,4.6377196
2013-04-21 02:05:34.375635,10723.889,4.636777
2013-04-21 02:34:59.883279,10720.079,4.6383867
2013-04-21 03:04:25.399578,10720.88,4.638766
2013-04-21 03:33:50.907251,10720.03,4.6370974
2013-04-21 04:03:16.406305,10722.996,4.6380925
2013-04-21 04:32:41.922648,10724.489,4.6380153
2013-04-21 05:02:07.430372,10720.459,4.637987
2013-04-21 05:31:32.929471,10719.995,4.637557
2013-04-21 06:00:58.445866,10725.007,4.638296
2013-04-21 06:30:23.953635,10717.443,4.6360965
2013-04-21 06:59:49.470064,10724.243,4.6371837
2013-04-21 07:29:14.969223,10723.302,4.6368694
2013-04-21 07:58:40.477038,10722.952,4.6384497
2013-04-21 08:28:05.993513,10718.382,4.6361337
2013-04-21 08:57:31.492722,10714.662,4.636733
2013-04-21 09:26:57.000582,10720.661,4.637973
2013-04-21 09:56:22.517102,10722.27,4.6386867
2013-04-21 10:25:48.016356,10717.065,4.63808
2013-04-21 10:55:13.532906,10717.307,4.6349444
2013-04-21 11:24:39.040837,10728.865,4.637185
2013-04-21 11:54:04.540137,10726.925,4.6386847
2013-04-21 12:23:30.056732,10726.668,4.6370616
2013-04-21 12:52:55.564708,10716.379,4.6372232
2013-04-21 13:22:21.064058,10725.3545,4.639217
2013-04-21 13:51:46.580698,10724.244,4.6365232
2013-04-21 14:21:12.088719,10717.652,4.6369953
2013-04-21 14:50:37.588115,10717.045,4.6367636
2013-04-21 15:20:03.104806,10718.519,4.638127
2013-04-21 15:49:28.612872,10719.169,4.638248
2013-04-21 16:18:54.120957,10729.75,4.63837
2013-04-21 16:48:19.629054,10727.259,4.6382127
2013-04-21 17:17:45.137165,10731.894,4.638875
2013-04-21 17:47:10.645296,10718.319,4.6379204
2013-04-21 18:16:36.153437,10717.051,4.6387124
2013-04-21 18:46:01.661599,10723.693,4.638964
2013-04-21 19:15:27.169775,10720.936,4.6368313
2013-04-21 19:44:52.677967,10716.416,4.638153
2013-04-21 20:14:18.194814,10718.826,4.6382856
2013-04-21 20:43:43.703036,10715.431,4.6383758
2013-04-21 21:13:09.202633,10718.878,4.6396785
2013-04-21 21:42:34.719524,10726.008,4.640311
2013-04-21 22:12:00.227791,10727.74,4.640096
2013-04-21 22:41:25.727439,10726.651,4.6375694
2013-04-21 23:10:51.244376,10720.286,4.6385484
2013-04-21 23:40:16.752693,10720.185,4.6389737
2013-04-22 00:09:42.252381,10714.263,4.6372843
2013-04-22 00:39:07.769368,10728.099,4.6396813
2013-04-22 01:08:33.277726,10711.582,4.634567
2013-04-22 01:37:58.794744,10724.547,4.6396136
2013-04-22 02:07:24.294497,10720.088,4.6382966
2013-04-22 02:36:49.802904,10720.656,4.6390934
2013-04-22 03:06:15.319967,10727.707,4.63732
2013-04-22 03:35:40.819765,10722.037,4.6401305
2013-04-22 04:05:06.328218,10714.708,4.639443
2013-04-22 04:34:31.845332,10719.079,4.639682
2013-04-22 05:03:57.345175,10715.85,4.6380205
2013-04-22 05:33:22.862314,10715.666,4.6374655
2013-04-22 06:02:48.370827,10724.206,4.638963
2013-04-22 06:32:13.870720,10723.048,4.639337
2013-04-22 07:01:39.387904,10721.152,4.6406703
2013-04-22 07:31:04.896468,10726.228,4.639989
2013-04-22 08:00:30.396407,10722.522,4.640965
2013-04-22 08:29:55.913636,10728.385,4.6393476
2013-04-22 08:59:21.422245,10720.97,4.6370726
2013-04-22 09:28:46.922229,10718.44,4.6358624
2013-04-22 09:58:12.439508,10718.257,4.639328
2013-04-22 10:27:37.948158,10726.311,4.6393666
2013-04-22 10:57:03.465472,10724.646,4.6377397
2013-04-22 11:26:28.965517,10724.084,4.63785
2013-04-22 11:55:54.474211,10722.245,4.6379414
2013-04-22 12:25:19.991566,10712.238,4.6376004
2013-04-22 12:54:45.491661,10720.294,4.638664
2013-04-22 13:24:11.000406,10724.658,4.637854
2013-04-22 13:53:36.517805,10723.515,4.6387177
2013-04-22 14:23:02.017940,10728.094,4.63673
2013-04-22 14:52:27.535376,10733.947,4.6350365
2013-04-22 15:21:53.044181,10720.013,4.638712
2013-04-22 15:51:18.544361,10725.0205,4.637009
2013-04-22 16:20:44.061842,10721.413,4.6365576
2013-04-22 16:50:09.570692,10722.247,4.6389594
2013-04-22 17:19:35.070922,10720.213,4.6375422
2013-04-22 17:49:00.588443,10728.104,4.6376977
2013-04-22 18:18:26.097344,10723.709,4.637715
2013-04-22 18:47:51.606255,10728.071,4.6380453
2013-04-22 19:17:17.115186,10720.658,4.6360044
2013-04-22 19:46:42.624131,10720.836,4.6375375
2013-04-22 20:16:08.133088,10720.575,4.6387005
2013-04-22 20:45:33.642064,10727.522,4.6371517
2013-04-22 21:14:59.151055,10722.827,4.636692
2013-04-22 21:44:24.660056,10721.204,4.6385274
2013-04-22 22:13:50.169078,10718.717,4.6352153
2013-04-22 22:43:15.678114,10712.972,4.6362605
2013-04-22 23:12:41.187166,10726.1,4.637219
2013-04-22 23:42:06.696228,10718.588,4.6368647
2013-04-23 00:11:32.213949,10724.505,4.6385074
2013-04-23 00:40:57.723046,10721.253,4.636151
2013-04-23 01:10:23.223519,10721.214,4.6362743
2013-04-23 01:39:48.741285,10725.785,4.637243
2013-04-23 02:09:14.250428,10718.14,4.6378727
2013-04-23 02:38:39.750945,10722.521,4.6365647
2013-04-23 03:08:05.268757,10719.425,4.6382213
2013-04-23 04:06:56.278507,10721.201,4.636085
2013-04-23 04:36:21.796359,10735.341,4.6366224
2013-04-23 05:05:47.305597,10714.489,4.636672
2013-04-23 05:35:12.823485,10730.301,4.636739
2013-04-23 06:04:38.324103,10723.005,4.6357527
2013-04-23 06:34:03.833381,10729.647,4.638057
2013-04-23 07:03:29.351313,10713.487,4.6380644
2013-04-23 07:32:54.851982,10725.617,4.636546
2013-04-23 08:02:20.361305,10728.313,4.637586
2013-04-23 08:31:45.879283,10718.375,4.6381598
2013-04-23 09:01:11.379997,10723.831,4.639229
2013-04-23 09:30:36.898005,10718.488,4.63635
2013-04-23 10:00:02.407388,10707.415,4.635234
2013-04-23 10:29:27.908147,10721.41,4.6377096
2013-04-23 10:58:53.426201,10724.312,4.63781
2013-04-23 11:28:18.935630,10725.286,4.6378617
2013-04-23 11:57:44.445074,10724.6045,4.6371775
2013-04-23 12:27:09.954533,10726.193,4.638132
2013-04-23 12:56:35.464001,10726.665,4.6368484
2013-04-23 13:26:00.964851,10721.914,4.638071
2013-04-23 13:55:26.482995,10724.906,4.6384497
2013-04-23 14:24:51.992514,10724.03,4.6361012
2013-04-23 14:54:17.502049,10730.259,4.63586
2013-04-23 15:23:43.011599,10716.917,4.6378493
2013-04-23 15:53:08.521158,10727.542,4.636902
2013-04-23 16:22:34.039378,10725.414,4.6365275
2013-04-23 16:51:59.540333,10735.48,4.6362605
2013-04-23 17:21:25.049942,10718.289,4.637992
2013-04-23 17:50:50.568207,10718.292,4.6346874
2013-04-23 18:20:16.069202,10714.025,4.635322
2013-04-23 18:49:41.587497,10723.504,4.637524
2013-04-23 19:19:07.097163,10721.261,4.6354823
2013-04-23 19:48:32.598208,10731.984,4.6374593
2013-04-23 20:17:58.116548,10729.154,4.633955
2013-04-23 20:47:23.626259,10720.099,4.635921
2013-04-23 21:16:49.127349,10714.88,4.6353636
2013-04-23 21:46:14.645730,10715.332,4.634306
2013-04-23 22:15:40.155485,10715.934,4.6363134
2013-04-23 22:45:05.656621,10728.269,4.634399
2013-04-23 23:14:31.175047,10721.63,4.6343546
2013-04-23 23:43:56.684848,10713.155,4.633902
2013-04-24 00:13:22.203309,10713.663,4.6333475
2013-04-24 00:42:47.704500,10724.704,4.6332455
2013-04-24 01:12:13.214347,10720.895,4.6334996
2013-04-24 01:41:38.732848,10716.838,4.6361594
2013-04-24 02:11:04.234084,10724.628,4.635296
2013-04-24 02:40:29.743976,10721.135,4.6350236
2013-04-24 03:09:55.262523,10720.122,4.6367707
2013-04-24 03:39:20.772444,10721.922,4.6358504
2013-04-24 04:08:46.282381,10717.968,4.635385
2013-04-24 04:38:11.792332,10720.467,4.6343236
2013-04-24 05:07:37.293659,10726.883,4.6359053
2013-04-24 05:37:02.812282,10714.6045,4.6355147
2013-04-24 06:06:28.322274,10721.1455,4.635636
2013-04-24 06:35:53.823646,10729.378,4.635781
2013-04-24 07:05:19.342308,10724.271,4.6364512
2013-04-24 07:34:44.852350,10724.264,4.63552
2013-04-24 08:04:10.353763,10726.74,4.6366363
2013-04-24 08:33:35.872475,10720.648,4.6338234
2013-04-24 09:03:01.382558,10727.819,4.6355925
2013-04-24 09:32:26.901301,10724.404,4.6363482
2013-04-24 10:01:52.402773,10722.303,4.6338434
2013-04-24 10:31:17.912901,10721.391,4.6316156
2013-04-24 11:00:43.431684,10722.596,4.635897
2013-04-24 11:30:08.933202,10729.504,4.6330132
2013-04-24 11:59:34.443375,10723.213,4.633097
2013-04-24 12:28:59.962203,10722.525,4.633606
2013-04-24 12:58:25.463762,10720.316,4.6336703
2013-04-24 13:27:50.982620,10721.829,4.6336093
2013-04-24 13:57:16.492854,10720.502,4.631829
2013-04-24 14:26:41.994457,10720.704,4.6343164
2013-04-24 14:56:07.513361,10720.083,4.6326795
2013-04-24 15:25:33.023634,10729.936,4.636504
2013-04-24 15:54:58.533929,10725.172,4.635733
2013-04-24 16:24:24.044232,10713.966,4.6339474
2013-04-24 16:53:49.554551,10717.49,4.6317477
2013-04-24 17:23:15.064885,10718.656,4.635627
2013-04-24 17:52:40.575234,10726.904,4.6345854
2013-04-24 18:22:06.085599,10717.449,4.632529
2013-04-24 18:51:31.595978,10715.6045,4.6349688
2013-04-24 19:20:57.115012,10721.786,4.6354246
2013-04-24 19:50:22.616777,10730.978,4.6355715
2013-04-24 20:19:48.127202,10722.316,4.636276
2013-04-24 20:49:13.637636,10717.561,4.634415
2013-04-24 21:18:39.148091,10724.916,4.635518
2013-04-24 21:48:04.667195,10716.456,4.634936
2013-04-24 22:17:30.169035,10714.217,4.634883
2013-04-24 22:46:55.688170,10727.859,4.634632
2013-04-24 23:16:21.198681,10725.715,4.635616
2013-04-24 23:45:46.700565,10717.935,4.635288
2013-04-25 00:15:12.219746,10727.058,4.634116
2013-04-25 00:44:37.730301,10718.013,4.6355343
2013-04-25 01:14:03.232231,10718.069,4.6324935
2013-04-25 01:43:28.751452,10725.108,4.633697
2013-04-25 02:12:54.262053,10722.421,4.635097
2013-04-25 02:42:19.781303,10724.238,4.634807
2013-04-25 03:11:45.283289,10723.655,4.6351953
2013-04-25 03:41:10.793930,10715.103,4.633886
2013-04-25 04:10:36.313226,10719.997,4.6360984
2013-04-25 04:40:01.815257,10718.169,4.6335917
2013-04-25 05:09:27.325943,10713.105,4.633002
2013-04-25 05:38:52.845279,10714.068,4.6306624
2013-04-25 06:08:18.347355,10719.502,4.6319284
2013-04-25 06:37:43.858081,10720.481,4.6344824
2013-04-25 07:07:09.377468,10722.817,4.6308584
2013-04-25 07:36:34.888225,10716.73,4.631427
2013-04-25 08:06:00.398996,10711.797,4.632602
2013-04-25 08:35:25.909783,10718.641,4.631516
2013-04-25 09:04:51.420580,10727.314,4.6333127
2013-04-25 09:34:16.931396,10722.204,4.634036
2013-04-25 10:03:42.442228,10721.366,4.6346803
2013-04-25 10:33:07.953071,10720.629,4.63505
2013-04-25 11:02:33.463932,10709.448,4.632029
2013-04-25 11:31:58.974805,10718.992,4.634748
2013-04-25 12:01:24.485692,10723.289,4.6327434
2013-04-25 12:30:49.996594,10721.1455,4.633894
2013-04-25 13:00:15.507512,10719.828,4.632839
2013-04-25 13:29:41.027079,10719.305,4.633266
2013-04-25 13:59:06.529386,10715.862,4.634604
2013-04-25 14:28:32.040344,10717.741,4.630446
2013-04-25 14:57:57.559957,10724.408,4.6339917
2013-04-25 15:27:23.062310,10718.868,4.6355987
2013-04-25 15:56:48.573313,10721.2295,4.632778
2013-04-25 16:26:14.092971,10719.965,4.6342196
2013-04-25 16:55:39.595359,10722.056,4.6350737
2013-04-25 17:25:05.115047,10722.25,4.633741
2013-04-25 17:54:30.626106,10713.787,4.631538
2013-04-25 18:23:56.128544,10716.176,4.631561
2013-04-25 18:53:21.648272,10718.013,4.632364
2013-04-25 19:22:47.159376,10714.051,4.6343513
2013-04-25 19:52:12.661849,10725.491,4.631933
2013-04-25 20:21:38.181623,10723.411,4.6309304
2013-04-25 20:51:03.692772,10719.138,4.628919
2013-04-25 21:20:29.212571,10716.522,4.6351657
2013-04-25 21:49:54.715105,10727.843,4.635132
2013-04-25 22:19:20.226294,10713.342,4.633299
2013-04-25 22:48:45.746143,10725.265,4.632176
2013-04-25 23:18:11.257357,10716.851,4.6320868
2013-04-25 23:47:36.759951,10729.388,4.633013
2013-04-26 00:17:02.279835,10724.491,4.6303267
2013-04-26 00:46:27.791100,10710.656,4.6330028
2013-04-26 01:15:53.293735,10718.631,4.632923
2013-04-26 01:45:18.813664,10719.174,4.6316113
2013-04-26 02:14:44.324969,10722.953,4.632799
2013-04-26 02:44:09.836283,10724.018,4.632921
2013-04-26 03:43:00.850323,10726.884,4.636153
2013-04-26 04:12:26.370323,10720.02,4.630518
2013-04-26 04:41:51.881698,10712.427,4.631495
2013-04-26 05:11:17.384448,10716.732,4.63257
2013-04-26 05:40:42.904493,10711.665,4.6315055
2013-04-26 06:10:08.415909,10716.772,4.6314616
2013-04-26 06:39:33.935980,10719.993,4.6322885
2013-04-26 07:08:59.438790,10719.905,4.632668
2013-04-26 07:38:24.950250,10730.817,4.633972
2013-04-26 08:07:50.470361,10715.873,4.634434
2013-04-26 08:37:15.973212,10709.12,4.6334767
2013-04-26 09:06:41.484713,10721.814,4.633036
2013-04-26 09:36:07.004869,10711.87,4.6341205
2013-04-26 10:05:32.507760,10718.498,4.63084
2013-04-26 10:34:58.019306,10722.4375,4.63409
2013-04-26 11:04:23.539507,10717.286,4.6296415
2013-04-26 11:33:49.042438,10714.416,4.634573
2013-04-26 12:03:14.562669,10717.469,4.6344914
2013-04-26 12:32:40.074271,10712.661,4.6332903
2013-04-26 13:02:05.585887,10723.674,4.631614
2013-04-26 13:31:31.097514,10713.615,4.634258
2013-04-26 14:00:56.609161,10727.38,4.634569
2013-04-26 14:30:22.120817,10719.884,4.633583
2013-04-26 14:59:47.632489,10714.6,4.632438
2013-04-26 15:29:13.144176,10728.343,4.6341014
2013-04-26 15:58:38.655878,10719.067,4.634476
2013-04-26 16:28:04.176235,10713.095,4.63213
2013-04-26 16:57:29.679322,10711.784,4.6328793
2013-04-26 17:26:55.199704,10715.22,4.6344495
2013-04-26 17:56:20.711462,10721.801,4.632151
2013-04-26 18:25:46.214594,10728.286,4.633225
2013-04-26 18:55:11.735016,10722.245,4.6346455
2013-04-26 19:24:37.238179,10719.04,4.6320925
2013-04-26 19:54:02.749992,10723.732,4.6354604
2013-04-26 20:23:28.270459,10719.804,4.633077
2013-04-26 20:52:53.773657,10714.246,4.599994
2013-04-26 21:22:19.294155,10715.723,4.632587
2013-04-26 21:51:44.806023,10715.899,4.631906
2013-04-26 22:21:10.309266,10712.784,4.63371
2013-04-26 22:50:35.829804,10718.538,4.633502
2013-04-26 23:20:01.341717,10729.07,4.6337442
2013-04-26 23:49:26.845000,10719.839,4.631577
2013-04-27 00:18:52.365579,10723.222,4.6330137
2013-04-27 00:48:17.877532,10724.553,4.6318374
2013-04-27 01:17:43.389501,10714.687,4.634246
2013-04-27 01:47:08.901479,10715.45,4.6334715
2013-04-27 02:16:34.413478,10719.037,4.631793
2013-04-27 02:45:59.934127,10720.831,4.6333375
2013-04-27 03:15:25.437511,10717.856,4.6338873
2013-04-27 03:44:50.949544,10722.402,4.6325965
2013-04-27 04:14:16.470239,10717.637,4.633351
2013-04-27 04:43:41.982302,10714.434,4.632765
2013-04-27 05:13:07.485742,10711.826,4.6315274
2013-04-27 05:42:33.006476,10717.32,4.6339865
2013-04-27 06:11:58.518580,10717.349,4.6332645
2013-04-27 06:41:24.030700,10720.321,4.632338
2013-04-27 07:10:49.542834,10715.32,4.631603
2013-04-27 07:40:15.054983,10716.543,4.6332154
2013-04-27 08:09:40.575783,10723.825,4.635347
2013-04-27 08:39:06.079323,10719.146,4.633296
2013-04-27 09:08:31.591513,10711.208,4.6332045
2013-04-27 09:37:57.112358,10717.571,4.633459
2013-04-27 10:07:22.615933,10719.292,4.633995
2013-04-27 10:36:48.128168,10714.464,4.631189
2013-04-27 11:06:13.640413,10719.946,4.63386
2013-04-27 11:35:39.152668,10718.117,4.6326585
2013-04-27 12:05:04.673583,10722.956,4.633239
2013-04-27 12:34:30.177229,10717.805,4.6315613
2013-04-27 13:03:55.689529,10722.025,4.6327305
2013-04-27 13:33:21.210485,10709.235,4.633197
2013-04-27 14:02:46.714175,10719.02,4.633346
2013-04-27 14:32:12.226516,10717.667,4.6341486
2013-04-27 15:01:37.747512,10719.655,4.632337
2013-04-27 15:31:03.251243,10719.423,4.633256
2013-04-27 16:00:28.772264,10717.629,4.633014
2013-04-27 16:29:54.284664,10721.6,4.634288
2013-04-27 16:59:19.788431,10723.791,4.6319437
2013-04-27 17:28:45.309497,10720.435,4.632181
2013-04-27 17:58:10.821938,10722.426,4.6336217
2013-04-27 18:27:36.334389,10725.027,4.6333876
2013-04-27 18:57:01.846856,10727.443,4.6341815
2013-04-27 19:26:27.359337,10718.574,4.6326303
2013-04-27 19:55:52.871829,10719.132,4.634107
2013-04-27 20:25:18.392976,10720.797,4.6334224
2013-04-27 20:54:43.896857,10720.893,4.634074
2013-04-27 21:24:09.418034,10719.084,4.632155
2013-04-27 21:53:34.930581,10711.473,4.6311016
2013-04-27 22:23:00.434503,10718.642,4.6346264
2013-04-27 22:52:25.955720,10723.989,4.63362
2013-04-27 23:21:51.468307,10723.807,4.6336145
2013-04-27 23:51:16.972274,10719.711,4.632006
2013-04-28 00:20:42.493532,10716.887,4.6340265
2013-04-28 00:50:08.006159,10720.88,4.634823
2013-04-28 01:19:33.518806,10723.321,4.633913
2013-04-28 01:48:59.031464,10731.464,4.633705
2013-04-28 02:18:24.535497,10717.57,4.632402
2013-04-28 02:47:50.056819,10729.36,4.633378
2013-04-28 03:17:15.569517,10719.07,4.632505
2013-04-28 03:46:41.073590,10720.767,4.633182
2013-04-28 04:16:06.594957,10727.122,4.634735
2013-04-28 04:45:32.107696,10733.021,4.634543
2013-04-28 05:14:57.620449,10727.021,4.634215
2013-04-28 05:44:23.133217,10718.821,4.633107
2013-04-28 06:13:48.646000,10721.868,4.634589
2013-04-28 06:43:14.167433,10724.579,4.63395
2013-04-28 07:12:39.671602,10717.9795,4.632892
2013-04-28 07:42:05.184420,10729.533,4.6337533
2013-04-28 08:11:30.705898,10724.725,4.6336837
2013-04-28 08:40:56.218747,10715.243,4.6323533
2013-04-28 09:10:21.722971,10720.92,4.6328793
2013-04-28 09:39:47.244485,10738.462,4.638814
2013-04-28 10:09:12.757374,10729.425,4.6350093
2013-04-28 10:38:38.270278,10722.165,4.6316895
2013-04-28 11:08:03.783191,10725.965,4.6332726
2013-04-28 11:37:29.296126,10732.937,4.633652
2013-04-28 12:06:54.809070,10718.664,4.634365
2013-04-28 12:36:20.322024,10723.366,4.6338863
2013-04-28 13:05:45.834993,10717.793,4.6333566
2013-04-28 13:35:11.356618,10722.4795,4.633589
2013-04-28 14:04:36.860977,10723.927,4.6332207
2013-04-28 14:34:02.373987,10723.729,4.6323557
2013-04-28 15:03:27.895652,10720.159,4.63293
2013-04-28 15:32:53.400051,10719.62,4.6336823
2013-04-28 16:02:18.921741,10721.8545,4.6330748
2013-04-28 16:31:44.434806,10716.74,4.6323953
2013-04-28 17:01:09.939246,10723.003,4.6326585
2013-04-28 17:30:35.460976,10720.282,4.6320677
2013-04-28 18:00:00.965441,10719.426,4.633407
2013-04-28 18:29:26.478561,10713.222,4.631823
2013-04-28 18:58:52.000337,10725.396,4.6321707
2013-04-28 19:28:17.504837,10731.374,4.63362
2013-04-28 19:57:43.026637,10732.381,4.6312113
2013-04-28 20:27:08.539813,10717.127,4.631896
2013-04-28 20:56:34.044359,10721.466,4.6314435
2013-04-28 21:25:59.566199,10723.448,4.631233
2013-04-28 21:55:25.079410,10719.037,4.63273
2013-04-28 22:24:50.592636,10720.112,4.631252
2013-04-28 22:54:16.105876,10722.411,4.630894
2013-04-28 23:23:41.619127,10721.338,4.631569
2013-04-28 23:53:07.132394,10713.403,4.631005
2013-04-29 00:22:32.645674,10716.46,4.631535
2013-04-29 00:51:58.158966,10723.01,4.6311316
2013-04-29 01:21:23.680917,10725.854,4.6334825
2013-04-29 01:50:49.194233,10713.01,4.629992
2013-04-29 02:20:14.698930,10715.902,4.6303096
2013-04-29 03:19:05.734273,10722.568,4.6327143
2013-04-29 03:48:31.239005,10737.844,4.6339216
2013-04-29 04:17:56.761037,10726.0,4.6295724
2013-04-29 04:47:22.274433,10721.874,4.630683
2013-04-29 05:16:47.779205,10720.376,4.6317854
2013-04-29 05:46:13.301272,10715.805,4.6295285
2013-04-29 06:15:38.814714,10716.331,4.631761
2013-04-29 06:45:04.336806,10720.689,4.6327443
2013-04-29 07:14:29.841634,10712.992,4.629969
2013-04-29 07:43:55.355111,10711.005,4.6316996
2013-04-29 08:13:20.877243,10722.865,4.631086
2013-04-29 08:42:46.382110,10721.498,4.6316767
2013-04-29 09:12:11.895633,10721.508,4.6309905
2013-04-29 09:41:37.409166,10724.157,4.6289306
2013-04-29 10:11:02.922709,10712.1875,4.630409
2013-04-29 10:40:28.444911,10720.397,4.631089
2013-04-29 11:09:53.949839,10718.275,4.6284747
2013-04-29 11:39:19.463426,10724.427,4.631152
2013-04-29 12:08:44.985665,10711.61,4.6279554
2013-04-29 12:38:10.490638,10722.449,4.6312957
2013-04-29 13:07:36.004260,10711.563,4.628801
2013-04-29 13:37:01.526544,10717.677,4.630625
2013-04-29 14:06:27.040192,10718.684,4.628163
2013-04-29 14:35:52.545220,10713.011,4.6269426
2013-04-29 15:05:18.067534,10720.699,4.6299615
2013-04-29 15:34:43.581228,10713.292,4.6301527
2013-04-29 16:04:09.094931,10713.792,4.6299925
2013-04-29 16:33:34.608650,10719.412,4.627884
2013-04-29 17:03:00.122379,10712.6455,4.6294804
2013-04-29 17:32:25.644762,10718.335,4.630698
2013-04-29 18:01:51.149881,10717.681,4.627253
2013-04-29 18:31:16.663650,10724.162,4.628975
2013-04-29 19:00:42.186074,10716.2705,4.6287594
2013-04-29 19:30:07.691233,10722.927,4.628597
2013-04-29 19:59:33.213682,10718.703,4.6290884
2013-04-29 20:28:58.727502,10729.656,4.6301894
2013-04-29 20:58:24.232701,10719.602,4.6297827
2013-04-29 21:27:49.755191,10719.52,4.628903
2013-04-29 21:57:15.269050,10712.733,4.627381
2013-04-29 22:26:40.774285,10718.844,4.629017
2013-04-29 22:56:06.296814,10724.452,4.62925
2013-04-29 23:25:31.810714,10720.136,4.6283045
2013-04-29 23:54:57.315989,10718.771,4.6287436
2013-04-30 00:24:22.838559,10729.343,4.6292477
2013-04-30 00:53:48.343858,10723.701,4.629219
2013-04-30 01:23:13.866449,10717.454,4.6280165
2013-04-30 01:52:39.380418,10724.348,4.6271973
2013-04-30 02:22:04.894394,10717.239,4.629277
2013-04-30 02:51:30.408389,10723.421,4.6253524
2013-04-30 03:20:55.922395,10723.889,4.6292076
2013-04-30 03:50:21.436415,10721.053,4.629834
2013-04-30 04:19:46.950445,10723.757,4.627244
2013-04-30 04:49:12.464491,10718.73,4.627988
2013-04-30 05:18:37.987186,10734.075,4.631121
2013-04-30 05:48:03.501257,10717.567,4.6263857
2013-04-30 06:17:29.006703,10720.486,4.628437
2013-04-30 06:46:54.529439,10709.68,4.626782
2013-04-30 07:16:20.043550,10713.425,4.628726
2013-04-30 07:45:45.549030,10717.684,4.628493
2013-04-30 08:15:11.071807,10716.385,4.6249843
2013-04-30 08:44:36.585953,10718.245,4.6257777
2013-04-30 09:14:02.091474,10720.579,4.628506
2013-04-30 09:43:27.614290,10719.664,4.6275473
2013-04-30 10:12:53.128477,10719.46,4.626433
2013-04-30 10:42:18.651318,10711.679,4.6247725
2013-04-30 11:11:44.156890,10716.679,4.6259117
2013-04-30 11:41:09.671117,10715.576,4.625205
2013-04-30 12:10:35.193998,10719.603,4.6279283
2013-04-30 12:40:00.699610,10718.218,4.628008
2013-04-30 13:09:26.213872,10721.621,4.627329
2013-04-30 13:38:51.736793,10725.204,4.6297
2013-04-30 14:08:17.242441,10723.053,4.6285343
2013-04-30 14:37:42.756748,10727.921,4.6285896
2013-04-30 15:07:08.279705,10719.768,4.624552
2013-04-30 15:36:33.785392,10721.302,4.6281137
2013-04-30 16:05:59.308375,10718.101,4.6247506
2013-04-30 16:35:24.814086,10717.256,4.6271873
2013-04-30 17:04:50.328454,10715.206,4.6261363
2013-04-30 17:34:15.851477,10713.774,4.6232185
2013-04-30 18:03:41.357229,10724.638,4.628585
2013-04-30 18:33:06.871637,10717.095,4.620482
2013-04-30 19:02:32.394695,10715.935,4.623777
2013-04-30 19:31:57.909127,10717.211,4.6235504
2013-04-30 20:01:23.423570,10718.498,4.626468
2013-04-30 20:30:48.938028,10717.1875,4.6227713
2013-04-30 21:00:14.452501,10715.765,4.621412
2013-04-30 21:29:39.966984,10711.883,4.6239195
2013-04-30 21:59:05.481478,10719.692,4.6239996
2013-04-30 22:28:30.995990,10717.996,4.626459
2013-04-30 22:57:56.519149,10720.389,4.62657
2013-04-30 23:27:22.025043,10718.377,4.627513
2013-04-30 23:56:47.539591,10716.37,4.627541
2013-05-01 00:26:13.062789,10711.991,4.625268
2013-05-01 00:55:38.568723,10714.169,4.6274757
2013-05-01 01:25:04.091947,10719.123,4.6250405
2013-05-01 01:54:29.606545,10715.578,4.6257963
2013-05-01 02:23:55.112519,10711.8545,4.6258206
2013-05-01 02:53:20.635778,10714.012,4.6250687
2013-05-01 03:22:46.150417,10717.871,4.623504
2013-05-01 03:52:11.656426,10718.693,4.6209908
2013-05-01 04:21:37.179725,10712.772,4.6263137
2013-05-01 04:51:02.694400,10725.837,4.625167
2013-05-01 05:20:28.217729,10717.911,4.6247106
2013-05-01 05:49:53.723788,10718.13,4.6236067
2013-05-01 06:19:19.238503,10721.481,4.625345
2013-05-01 06:48:44.761867,10721.841,4.622966
2013-05-01 07:18:10.267961,10719.822,4.6270356
2013-05-01 07:47:35.782711,10719.984,4.622492
2013-05-01 08:17:01.297476,10720.888,4.625137
2013-05-01 08:46:26.812251,10714.522,4.6225905
2013-05-01 09:15:52.327041,10713.489,4.6279473
2013-05-01 09:45:17.841840,10718.084,4.6253886
2013-05-01 10:14:43.356655,10719.347,4.626524
2013-05-01 10:44:08.880121,10710.605,4.623621
2013-05-01 11:13:34.394961,10712.659,4.621341
2013-05-01 11:42:59.901171,10720.906,4.625999
2013-05-01 12:12:25.424671,10723.933,4.6273336
2013-05-01 12:41:50.939551,10719.696,4.62281
2013-05-01 13:11:16.445797,10708.078,4.621978
2013-05-01 13:40:41.969343,10724.166,4.6237273
2013-05-01 14:10:07.484253,10713.647,4.624972
2013-05-01 14:39:33.007824,10715.109,4.6241145
2013-05-01 15:08:58.514120,10707.942,4.6216283
2013-05-01 15:38:24.029075,10721.479,4.627629
2013-05-01 16:07:49.552676,10716.114,4.6257324
2013-05-01 16:37:15.059017,10720.5205,4.625077
2013-05-01 17:06:40.574003,10716.369,4.6233745
2013-05-01 17:36:06.097644,10714.264,4.6215262
2013-05-01 18:05:31.604021,10719.01,4.622849
2013-05-01 18:34:57.119047,10712.844,4.6258054
2013-05-01 19:04:22.642728,10716.773,4.6266217
2013-05-01 19:33:48.149140,10717.286,4.62452
2013-05-01 20:03:13.672846,10716.066,4.626967
2013-05-01 20:32:39.187923,10719.487,4.6231437
2013-05-01 21:02:04.703009,10718.845,4.6248627
2013-05-01 21:31:30.218111,10717.506,4.624201
2013-05-01 22:00:55.733228,10724.149,4.6261396
2013-05-01 22:30:21.248355,10719.19,4.6215553
2013-05-01 22:59:46.763494,10717.92,4.623802
2013-05-01 23:29:12.278646,10718.379,4.6223683
2013-05-01 23:58:37.793811,10715.158,4.6220603
2013-05-02 00:28:03.308987,10719.081,4.6253185
2013-05-02 00:57:28.824175,10716.574,4.624218
2013-05-02 01:26:54.339377,10718.708,4.6178875
2013-05-02 01:56:19.854591,10717.466,4.616206
2013-05-07 07:58:37.061462,10710.724,4.6013646
2013-05-07 08:28:02.588302,10707.237,4.571766
2013-05-07 08:57:28.097872,10713.246,4.5930157
2013-05-07 09:26:53.624734,10706.72,4.5924654
2013-05-07 09:56:19.142966,10709.694,4.591107
2013-05-07 10:25:44.652569,10709.789,4.5899515
2013-05-07 10:55:10.179461,10702.022,4.5954204
2013-05-07 11:24:35.697726,10707.538,4.5952682
2013-05-07 11:54:01.216001,10711.089,4.5939984
2013-05-07 12:23:26.734286,10711.315,4.596263
2013-05-07 12:52:52.252581,10716.143,4.6006103
2013-05-07 13:22:17.779529,10708.48,4.5919976
2013-05-07 13:51:43.297844,10715.228,4.6005874
2013-05-07 14:21:08.807535,10715.886,4.593262
2013-05-07 14:50:34.334513,10716.791,4.6041946
2013-05-07 15:19:59.852861,10707.087,4.5990014
2013-05-07 15:49:25.362581,10713.674,4.6029058
2013-05-07 16:18:50.889592,10706.162,4.6032467
2013-05-07 16:48:16.407973,10716.728,4.6039023
2013-05-07 17:17:41.926363,10716.273,4.6035843
2013-05-07 17:47:07.444767,10705.323,4.605595
2013-05-07 18:16:32.954540,10706.371,4.6055093
2013-05-07 18:45:58.481604,10717.852,4.6084495
2013-05-07 19:15:24.000037,10713.666,4.606425
2013-05-07 19:44:49.509840,10726.032,4.6104817
2013-05-07 20:14:15.036937,10710.002,4.6096926
2013-05-07 20:43:40.555403,10723.209,4.6103015
2013-05-07 21:13:06.082519,10712.23,4.613185
2013-05-07 21:42:31.592365,10708.958,4.612707
2013-05-07 22:11:57.110864,10719.079,4.615399
2013-05-07 22:41:22.638011,10706.786,4.613496
2013-05-07 23:10:48.147890,10706.994,4.610494
2013-05-08 00:09:39.193598,10704.678,4.613223
2013-05-08 00:39:04.703507,10700.858,4.614024
2013-05-08 01:08:30.230708,10705.302,4.6155815
2013-05-08 01:37:55.749280,10710.806,4.6174383
2013-05-08 02:07:21.267862,10709.726,4.6166058
2013-05-08 02:36:46.786451,10711.977,4.6187334
2013-05-08 03:06:12.305056,10706.599,4.617139
2013-05-08 03:35:37.823668,10709.992,4.618396
2013-05-08 04:05:03.342290,10712.162,4.619975
2013-05-08 04:34:28.860925,10713.38,4.621693
2013-05-08 05:03:54.388210,10710.666,4.6211424
2013-05-08 05:33:19.898222,10711.887,4.6206274
2013-05-08 06:02:45.416889,10711.868,4.6229243
2013-05-08 06:32:10.944204,10712.332,4.6209526
2013-05-08 07:01:36.462889,10703.317,4.6232877
2013-05-08 07:31:01.972946,10715.526,4.624645
2013-05-08 08:00:27.500294,10707.236,4.6240845
2013-05-08 08:29:53.010369,10706.967,4.623861
2013-05-08 08:59:18.537737,10701.894,4.6221585
2013-05-08 09:28:44.056475,10710.769,4.6259265
2013-05-08 09:58:09.566585,10712.617,4.625318
2013-05-08 10:27:35.093983,10705.622,4.626473
2013-05-08 10:57:00.612751,10706.762,4.627447
2013-05-08 11:26:26.122888,10716.981,4.626153
2013-05-08 11:55:51.650322,10714.534,4.625442
2013-05-08 12:25:17.169120,10712.149,4.6263556
2013-05-08 12:54:42.679290,10714.736,4.626576
2013-05-08 13:24:08.206751,10710.972,4.626949
2013-05-08 13:53:33.725582,10726.49,4.6308045
2013-05-08 14:22:59.253063,10717.694,4.6286097
2013-05-08 14:52:24.763274,10715.782,4.626701
2013-05-08 15:21:50.282137,10724.661,4.630066
2013-05-08 15:51:15.809648,10715.233,4.6288576
2013-05-08 16:20:41.319892,10709.008,4.628505
2013-05-08 16:50:06.838786,10718.593,4.6301064
2013-05-08 17:19:32.366329,10716.415,4.6279635
2013-05-08 17:48:57.876600,10712.541,4.629405
2013-05-08 18:18:23.404164,10708.821,4.6283426
2013-05-08 18:47:48.923098,10716.371,4.629635
2013-05-08 19:17:14.442042,10715.031,4.627384
2013-05-08 19:46:39.960996,10712.013,4.629689
2013-05-08 20:16:05.479963,10717.265,4.6275625
2013-05-08 20:45:30.998937,10718.884,4.629469
2013-05-08 21:14:56.517921,10710.018,4.629038
2013-05-08 21:44:22.036915,10711.065,4.6285577
2013-05-08 22:13:47.555922,10715.431,4.6297293
2013-05-08 22:43:13.083579,10714.781,4.6279845
2013-05-08 23:12:38.593963,10712.362,4.6298013
2013-05-08 23:42:04.121640,10712.968,4.628183
2013-05-09 00:11:29.632047,10707.598,4.6286545
2013-05-09 00:40:55.151102,10716.18,4.6286373
2013-05-09 01:10:20.678809,10704.28,4.6282997
2013-05-09 01:39:46.189247,10716.975,4.6295276
2013-05-09 02:09:11.708331,10714.677,4.6289454
2013-05-09 02:38:37.236071,10713.74,4.6285777
2013-05-09 03:08:02.746535,10709.58,4.629064
2013-05-09 03:37:28.274293,10709.621,4.628739
2013-05-09 04:06:53.793421,10713.526,4.629224
2013-05-09 04:36:19.303919,10715.144,4.6288433
2013-05-09 05:05:44.831706,10717.344,4.627669
2013-05-09 05:35:10.350864,10705.747,4.6277976
2013-05-09 06:04:35.861391,10710.544,4.627085
2013-05-09 06:34:01.389212,10706.672,4.628393
2013-05-09 07:03:26.908397,10718.515,4.628169
2013-05-09 07:32:52.427597,10710.934,4.6256523
2013-05-09 08:02:17.946803,10715.195,4.6273675
2013-05-09 08:31:43.466024,10715.224,4.6279297
2013-05-09 09:01:08.993891,10717.729,4.6278563
2013-05-09 09:30:34.504490,10723.975,4.6282086
2013-05-09 10:00:00.023738,10714.185,4.6280456
2013-05-09 10:29:25.551636,10711.397,4.625646
2013-05-09 10:58:51.070904,10721.533,4.626834
2013-05-09 11:28:16.581543,10718.446,4.6282907
2013-05-09 11:57:42.109474,10715.073,4.626339
2013-05-09 12:27:07.628770,10713.617,4.6270685
2013-05-09 12:56:33.139438,10713.516,4.6281366
2013-05-09 13:25:58.667397,10714.636,4.627237
2013-05-09 13:55:24.186728,10715.199,4.625569
2013-05-09 14:24:49.714704,10718.758,4.6253753
2013-05-09 14:54:15.225413,10715.147,4.6238704
2013-05-09 15:23:40.744772,10712.322,4.6262197
2013-05-09 15:53:06.264141,10711.622,4.6244493
2013-05-09 16:22:31.783520,10722.725,4.624797
2013-05-09 16:51:57.294266,10720.424,4.6243763
2013-05-09 17:21:22.822306,10718.169,4.622851
2013-05-09 17:50:48.341714,10709.746,4.6243167
2013-05-09 18:20:13.869771,10721.452,4.623238
2013-05-09 18:49:39.380561,10723.996,4.6256695
2013-05-09 19:19:04.900000,10723.826,4.623147
2013-05-09 19:48:30.428087,10725.092,4.62443
2013-05-09 20:17:55.938904,10714.969,4.6245527
2013-05-09 20:47:21.458372,10721.896,4.624515
2013-05-09 21:16:46.986490,10712.881,4.623407
2013-05-09 21:46:12.497337,10714.481,4.621055
2013-05-09 22:15:38.016834,10724.521,4.6230125
2013-05-09 22:45:03.544982,10713.742,4.624018
2013-05-09 23:14:29.064498,10718.467,4.6235833
2013-05-09 23:43:54.584026,10715.564,4.623117
2013-05-10 00:13:20.103564,10714.459,4.62074
2013-05-10 00:42:45.623110,10720.735,4.6223354
2013-05-10 01:12:11.142666,10717.3,4.6205006
2013-05-10 01:41:36.662234,10724.728,4.620016
2013-05-10 02:11:02.181808,10716.174,4.619508
2013-05-10 02:40:27.710036,10718.641,4.6217217
2013-05-10 03:09:53.220992,10722.291,4.62097
2013-05-10 03:39:18.740597,10713.166,4.6209984
2013-05-10 04:08:44.268852,10714.61,4.6197915
2013-05-10 04:38:09.779837,10712.097,4.6209154
2013-05-10 05:07:35.308113,10719.3125,4.620005
2013-05-10 05:37:00.827757,10718.74,4.6175227
2013-05-10 06:06:26.338772,10716.261,4.6204953
2013-05-10 06:35:51.867077,10724.606,4.618409
2013-05-10 07:05:17.386750,10715.017,4.6181235
2013-05-10 07:34:42.897794,10719.994,4.6165867
2013-05-10 08:33:33.937190,10711.321,4.616685
2013-05-10 09:02:59.465544,10720.442,4.61896
2013-05-10 09:32:24.985267,10713.001,4.6192064
2013-05-10 10:01:50.496358,10715.503,4.618712
2013-05-10 10:31:16.024742,10722.889,4.619524
2013-05-10 11:00:41.544492,10716.214,4.6199822
2013-05-10 11:30:07.055614,10720.344,4.6182837
2013-05-10 11:59:32.584026,10713.671,4.6172986
2013-05-10 12:28:58.103806,10722.337,4.618522
2013-05-10 12:58:23.623598,10723.731,4.6160054
2013-05-10 13:27:49.143398,10720.799,4.6174145
2013-05-10 13:57:14.663208,10723.081,4.615402
2013-05-10 14:26:40.191667,10724.988,4.618384
2013-05-10 14:56:05.702856,10720.014,4.614036
2013-05-10 15:25:31.222695,10715.434,4.616486
2013-05-10 15:54:56.751184,10717.553,4.617412
2013-05-10 16:24:22.271043,10717.674,4.6179543
2013-05-10 16:53:47.782270,10717.054,4.61272
2013-05-10 17:23:13.310787,10722.649,4.616814
2013-05-10 17:52:38.830674,10709.541,4.616992
2013-05-10 18:22:04.341931,10720.42,4.6148334
2013-05-10 18:51:29.870478,10721.133,4.619038
2013-05-10 19:20:55.390392,10722.099,4.615834
2013-05-10 19:50:20.918959,10705.04,4.6102057
2013-05-10 20:19:46.430255,10719.374,4.613906
2013-05-10 20:49:11.950198,10706.833,4.6099863
2013-05-10 21:18:37.478793,10722.142,4.6134505
2013-05-10 21:48:02.990117,10720.823,4.617787
2013-05-10 22:17:28.510088,10724.012,4.6163263
2013-05-10 22:46:54.030071,10718.264,4.6166077
2013-05-10 23:16:19.550064,10715.562,4.613586
2013-05-10 23:45:45.078706,10718.234,4.616829
2013-05-11 00:15:10.590076,10722.381,4.6171184
2013-05-11 00:44:36.110098,10716.215,4.612784
2013-05-11 01:14:01.638768,10726.881,4.6158137
2013-05-11 01:43:27.150167,10712.949,4.61335
2013-05-11 02:12:52.670218,10722.186,4.6128683
2013-05-11 02:42:18.198915,10724.446,4.61487
2013-05-11 03:11:43.710343,10709.04,4.61047
2013-05-11 03:41:09.230422,10722.034,4.6105247
2013-05-11 04:10:34.759149,10719.505,4.6148844
2013-05-11 04:40:00.279245,10723.85,4.6127114
2013-05-11 05:09:25.799352,10720.931,4.613788
2013-05-11 05:38:51.319466,10718.967,4.608295
2013-05-11 06:08:16.839592,10717.865,4.61046
2013-05-11 06:37:42.359727,10717.32,4.614005
2013-05-11 07:07:07.879871,10725.224,4.6133084
2013-05-11 07:36:33.400025,10729.936,4.6110597
2013-05-11 08:05:58.928826,10722.305,4.612793
2013-05-11 08:35:24.440359,10717.639,4.6106663
2013-05-11 09:04:49.960541,10715.181,4.609828
2013-05-11 09:34:15.489372,10713.589,4.6086607
2013-05-11 10:03:41.000930,10729.48,4.6103153
2013-05-11 10:33:06.529782,10714.314,4.6061997
2013-05-11 11:02:32.050001,10726.998,4.6067195
2013-05-11 11:31:57.561589,10715.557,4.6052966
2013-05-11 12:01:23.090466,10721.071,4.5982513
