time,flux,flux_err
2013-04-09 17:54:36.530983,65998.37,7.4174037
2013-04-09 18:24:02.048700,66585.84,7.444547
2013-04-09 18:53:27.575077,65660.58,7.3945074
2013-04-09 19:22:53.084184,66489.55,7.437114
2013-04-09 19:52:18.601962,65701.31,7.3986163
2013-04-09 20:21:44.128388,65941.586,7.409554
2013-04-09 20:51:09.637566,65871.086,7.4102244
2013-04-09 21:20:35.164034,65581.25,7.389604
2013-04-09 21:50:00.681881,65756.46,7.4077964
2013-04-09 22:19:26.199749,65556.96,7.4008107
2013-04-09 22:48:51.717637,65454.76,7.3972273
2013-04-09 23:18:17.235544,65620.695,7.3989363
2013-04-09 23:47:42.753473,65197.85,7.3812885
2013-04-10 00:17:08.271421,65462.2,7.3872266
2013-04-10 00:46:33.789389,65146.598,7.3781753
2013-04-10 01:15:59.307368,65236.08,7.386679
2013-04-10 01:45:24.825376,65095.887,7.3753343
2013-04-10 02:14:50.343394,65169.414,7.385182
2013-04-10 02:44:15.861433,64322.062,7.3413644
2013-04-10 03:13:41.379502,62976.457,7.275493
2013-04-10 03:43:06.897581,61350.043,7.1972585
2013-04-10 04:12:32.424320,59725.75,7.113432
2013-04-10 04:41:57.933800,58897.324,7.0800166
2013-04-10 05:11:23.451938,58055.598,7.040949
2013-04-10 05:40:48.978728,58690.23,7.068353
2013-04-10 06:10:14.488268,59286.996,7.0938272
2013-04-10 06:39:40.015097,60893.797,7.1800547
2013-04-10 07:09:05.533317,62416.73,7.2511597
2013-04-10 07:38:31.042907,63947.63,7.323491
2013-04-10 08:07:56.569796,64794.258,7.3654413
2013-04-10 08:37:22.088067,65308.13,7.3947625
2013-04-10 09:06:47.597717,64871.742,7.3719587
2013-04-10 09:36:13.124667,65403.465,7.3965025
2013-04-10 10:05:38.642997,65201.1,7.3839808
2013-04-10 10:35:04.169988,65113.414,7.383506
2013-04-10 11:04:29.679708,65821.17,7.4183273
2013-04-10 11:33:55.198099,64855.918,7.373223
2013-04-10 12:03:20.725140,66216.18,7.436476
2013-04-10 12:32:46.234921,65086.406,7.3845625
2013-04-10 13:02:11.753372,66131.555,7.4351883
2013-04-10 13:31:37.280473,65660.74,7.411267
2013-04-10 14:01:02.790314,65836.51,7.417098
2013-04-10 14:30:28.317446,66197.91,7.4379992
2013-04-10 14:59:53.835967,65840.91,7.4194274
2013-04-10 15:29:19.345869,66319.445,7.444448
2013-04-10 15:58:44.873061,66152.8,7.442129
2013-04-10 16:28:10.391632,66375.33,7.4450464
2013-04-10 16:57:35.901594,66149.164,7.4367976
2013-04-10 17:27:01.428846,66348.47,7.4481397
2013-04-10 17:56:26.947478,66331.234,7.444666
2013-04-10 18:25:52.457490,66404.94,7.4511547
2013-04-10 18:55:17.984803,66503.34,7.454302
2013-04-10 19:24:43.503485,66286.125,7.4410496
2013-04-10 19:54:09.022198,66764.37,7.463186
2013-04-10 20:23:34.540921,66312.266,7.4442587
2013-04-10 20:53:00.059663,66651.305,7.4598036
2013-04-10 21:22:25.587076,66569.47,7.455835
2013-04-10 21:51:51.097219,66306.16,7.446828
2013-04-10 22:21:16.616022,66685.08,7.461156
2013-04-10 22:50:42.143476,66184.74,7.439986
2013-04-10 23:20:07.653679,66419.46,7.447823
2013-04-10 23:49:33.181182,66211.43,7.442204
2013-04-11 00:18:58.700056,66263.02,7.4450517
2013-04-11 00:48:24.210310,66057.64,7.43501
2013-04-11 01:17:49.737863,66377.24,7.446717
2013-04-11 01:47:15.256807,65721.195,7.419236
2013-04-11 02:16:40.767111,66575.4,7.4604206
2013-04-11 02:46:06.294725,65582.97,7.4117
2013-04-11 03:15:31.813720,66383.14,7.451998
2013-04-11 03:44:57.332724,65867.12,7.4268737
2013-04-11 04:14:22.851758,65901.625,7.428647
2013-04-11 04:43:48.370803,66225.766,7.4437714
2013-04-11 05:42:39.408952,65953.266,7.4301295
2013-04-11 06:12:04.928057,64902.67,7.3799567
2013-04-11 06:41:30.455822,65423.445,7.4049745
2013-04-11 07:10:55.966317,64697.406,7.3671994
2013-04-11 07:40:21.485483,65300.758,7.400906
2013-04-11 08:09:47.013297,64767.54,7.3770566
2013-04-11 11:06:20.128762,66072.266,7.4371233
2013-04-11 11:35:45.639428,66013.51,7.4357142
2013-04-11 12:05:11.167394,66123.76,7.442301
2013-04-11 12:34:36.686740,66098.445,7.4481034
2013-04-11 13:04:02.214747,66164.15,7.4504876
2013-04-11 13:33:27.725493,66116.664,7.437378
2013-04-11 14:02:53.244900,66503.9,7.465417
2013-04-11 14:32:18.772956,65958.83,7.4353075
2013-04-11 15:01:44.283753,66711.1,7.4706526
2013-04-11 15:31:09.803210,66196.23,7.4444866
2013-04-11 16:00:35.331327,66478.57,7.4619226
2013-04-11 16:30:00.842185,66557.69,7.4635015
2013-04-11 16:59:26.361701,66036.57,7.44055
2013-04-11 17:28:51.889869,66879.73,7.482168
2013-04-11 17:58:17.400787,66064.19,7.437293
2013-04-11 18:27:42.928994,66834.51,7.4743977
2013-04-11 18:57:08.448582,66413.375,7.460257
2013-04-11 19:26:33.968190,66390.5,7.4579263
2013-04-11 19:55:59.487817,66658.54,7.468039
2013-04-11 20:25:25.007455,66356.67,7.4543576
2013-04-11 20:54:50.527124,66506.51,7.460535
2013-04-11 21:24:16.046801,66228.984,7.452087
2013-04-11 21:53:41.566500,66143.31,7.4528055
2013-04-11 22:23:07.094858,66142.26,7.4488378
2013-04-11 22:52:32.605957,66051.92,7.4459424
2013-04-11 23:21:58.125716,65982.88,7.4423294
2013-04-11 23:51:23.645485,65962.555,7.4376545
2013-04-12 00:20:49.165273,65934.1,7.432211
2013-04-12 00:50:14.685092,65714.94,7.4268217
2013-04-12 01:19:40.213561,65820.195,7.432251
2013-04-12 01:49:05.724760,65540.34,7.4194694
2013-04-12 02:18:31.244630,65526.938,7.419954
2013-04-12 02:47:56.773159,65514.953,7.4173536
2013-04-12 03:17:22.284418,65150.62,7.398513
2013-04-12 03:46:47.812978,65596.9,7.4228578
2013-04-12 04:16:13.332918,64973.184,7.3916793
2013-04-12 04:45:38.844238,65370.703,7.4077144
2013-04-12 05:15:04.372858,65061.492,7.395495
2013-04-12 05:44:29.892848,65108.98,7.3977537
2013-04-12 06:13:55.404218,64973.984,7.3910656
2013-04-12 06:43:20.932888,65059.617,7.3953433
2013-04-12 07:12:46.452938,63806.29,7.3375406
2013-04-12 07:42:11.981649,62862.066,7.288698
2013-04-12 08:11:37.493100,60619.55,7.1852555
2013-04-12 08:41:03.013200,59761.035,7.137128
2013-04-12 09:10:28.541971,58533.34,7.079198
2013-04-12 09:39:54.053472,57965.836,7.050886
2013-04-12 10:09:19.573632,59033.81,7.103348
2013-04-12 10:38:45.102444,59088.465,7.1066384
2013-04-12 11:08:10.614005,61625.367,7.229907
2013-04-12 11:37:36.134217,62279.844,7.2607965
2013-04-12 12:07:01.663088,64417.555,7.3662863
2013-04-12 12:36:27.183339,64794.023,7.385014
2013-04-12 13:05:52.703611,65234.79,7.4035487
2013-04-12 13:35:18.223903,65113.22,7.398915
2013-04-12 14:04:43.735565,65181.668,7.401416
2013-04-12 14:34:09.264536,65396.027,7.4102297
2013-04-12 15:03:34.784878,65132.9,7.400983
2013-04-12 15:33:00.296601,65679.48,7.4289956
2013-04-12 16:02:25.825613,65056.875,7.3969755
2013-04-12 16:31:51.346015,65887.016,7.439894
2013-04-12 17:01:16.875068,65297.32,7.4080014
2013-04-12 17:30:42.386860,65785.98,7.4356813
2013-04-12 18:00:07.907313,65725.34,7.4328027
2013-04-12 18:29:33.436426,65852.7,7.437799
2013-04-12 18:58:58.948278,65899.555,7.440657
2013-04-12 19:28:24.468782,66135.086,7.4520097
2013-04-12 19:57:49.997945,65889.74,7.4390597
2013-04-12 20:27:15.509848,66423.48,7.464155
2013-04-12 20:56:41.039051,65975.445,7.444304
2013-04-12 21:26:06.559635,66433.69,7.464784
2013-04-12 21:55:32.071588,66387.88,7.4619455
2013-04-12 22:24:57.600842,66246.18,7.4559507
2013-04-12 22:54:23.121476,66645.49,7.4736423
2013-04-12 23:23:48.633489,66357.6,7.461116
2013-04-12 23:53:14.162803,66520.24,7.4677176
2013-04-13 00:22:39.683488,66607.984,7.473235
2013-04-13 00:52:05.204201,66270.984,7.451996
2013-04-13 01:21:30.724921,66802.25,7.481287
2013-04-13 01:50:56.245665,66135.97,7.4520197
2013-04-13 02:20:21.775065,66643.66,7.473591
2013-04-13 02:49:47.287204,66382.11,7.4620576
2013-04-13 03:19:12.808004,66340.125,7.459431
2013-04-13 03:48:38.337459,66515.914,7.469579
2013-04-13 04:18:03.858289,66109.945,7.447283
2013-04-13 04:47:29.370499,66508.48,7.4670987
2013-04-13 05:16:54.900009,65923.87,7.440888
2013-04-13 05:46:20.412259,66478.586,7.4654565
2013-04-13 06:15:45.941804,65712.09,7.433036
2013-04-13 06:45:11.462724,66440.54,7.464374
2013-04-13 07:14:36.975025,65684.94,7.4300256
2013-04-13 07:44:02.504626,66265.08,7.4559317
2013-04-13 08:13:28.025601,65843.06,7.435912
2013-04-13 08:42:53.537957,65900.2,7.4411592
2013-04-13 09:12:19.067608,65969.21,7.444599
2013-04-13 09:41:44.588644,65432.02,7.4148345
2013-04-13 10:11:10.101050,65479.21,7.4170356
2013-04-13 10:40:35.630757,65046.93,7.3965335
2013-04-13 11:10:01.151843,64952.754,7.3916125
2013-04-13 11:39:26.681585,64775.816,7.3832974
2013-04-13 12:08:52.194066,65023.95,7.394931
2013-04-13 12:38:17.715203,64705.508,7.37948
2013-04-13 13:07:43.245005,65528.793,7.422122
2013-04-13 13:37:08.757537,64904.273,7.3893046
2013-04-13 14:06:34.278728,65997.914,7.44292
2013-04-13 14:35:59.808581,65510.78,7.415488
2013-04-13 15:05:25.321167,65854.85,7.4378676
2013-04-13 15:34:50.851055,65939.78,7.4408827
2013-04-13 16:04:16.372317,65633.14,7.4282784
2013-04-13 16:33:41.893599,66134.44,7.449378
2013-04-13 17:03:07.414897,65718.02,7.4315844
2013-04-13 17:32:32.936215,66135.18,7.4502654
2013-04-13 18:01:58.457553,65944.41,7.439631
2013-04-13 18:31:23.978906,66242.1,7.454314
2013-04-13 19:00:49.500279,66066.98,7.4449964
2013-04-13 19:30:15.021667,66427.43,7.4595966
2013-04-13 19:59:40.551710,66108.87,7.4455576
2013-04-13 20:29:06.064498,66531.8,7.4668
2013-04-13 20:58:31.585936,66172.914,7.4518366
2013-04-13 21:27:57.107400,66508.69,7.467142
2013-04-13 21:57:22.628879,66373.05,7.460074
2013-04-13 22:26:48.159012,66561.47,7.470664
2013-04-13 22:56:13.671886,66295.95,7.456629
2013-04-13 23:25:39.193416,66724.31,7.4755526
2013-04-13 23:55:04.723604,66230.21,7.4524336
2013-04-14 00:24:30.236534,66622.18,7.4701777
2013-04-14 00:53:55.766758,66345.63,7.453917
2013-04-14 01:23:21.288357,66328.82,7.455791
2013-04-14 01:52:46.801337,66460.12,7.462249
2013-04-14 02:22:12.331616,66125.54,7.447196
2013-04-14 02:51:37.853271,66367.234,7.4525957
2013-04-14 03:21:03.366306,66129.62,7.445181
2013-04-14 03:50:28.896636,66075.86,7.443172
2013-04-14 04:19:54.418340,66057.1,7.4426804
2013-04-14 05:18:45.461810,65754.81,7.4312844
2013-04-14 05:48:10.983571,66066.07,7.4449744
2013-04-14 06:17:36.513991,65298.086,7.4052706
2013-04-14 06:47:02.027152,66000.59,7.4423094
2013-04-14 07:16:27.548962,65163.793,7.3989863
2013-04-14 07:45:53.079433,65575.625,7.4197884
2013-04-14 08:15:18.601283,65374.523,7.405996
2013-04-14 08:44:44.114509,65041.723,7.393478
2013-04-14 09:14:09.645036,65506.08,7.414623
2013-04-14 09:43:35.166936,64749.29,7.3760953
2013-04-14 10:13:00.688858,65325.953,7.4061337
2013-04-14 10:42:26.210794,64707.8,7.3785367
2013-04-14 11:11:51.732750,65021.445,7.3917193
2013-04-14 11:41:17.254722,63476.79,7.3169775
2013-04-14 12:10:42.776714,62378.285,7.2649555
2013-04-14 12:40:08.298720,60379.367,7.167289
2013-04-14 13:09:33.820747,59327.434,7.1129293
2013-04-14 13:38:59.342789,58420.137,7.0691905
2013-04-14 14:08:24.873491,58069.566,7.0475507
2013-04-14 14:37:50.386928,58942.48,7.0978355
2013-04-14 15:07:15.909020,59600.45,7.127839
2013-04-14 15:36:41.439777,61716.414,7.23068
2013-04-14 16:06:06.953265,62747.87,7.2797074
2013-04-14 16:35:32.475413,64543.89,7.3729873
2013-04-14 17:04:58.006215,64893.242,7.385178
2013-04-14 17:34:23.519758,65171.027,7.3980412
2013-04-14 18:03:49.041961,65078.965,7.3938837
2013-04-14 18:33:14.572818,65293.844,7.4069223
2013-04-14 19:02:40.086411,65069.742,7.391961
2013-04-14 19:32:05.617305,65390.605,7.40559
2013-04-14 20:01:31.139573,65394.184,7.411452
2013-04-14 20:30:56.653221,65147.234,7.3968344
2013-04-14 21:00:22.184170,65833.02,7.4333787
2013-04-14 21:29:47.706488,65204.645,7.4006586
2013-04-14 21:59:13.228827,66009.47,7.4408474
2013-04-14 22:28:38.751186,65524.375,7.4179645
2013-04-14 22:58:04.273559,65828.94,7.4320965
2013-04-14 23:27:29.804593,66035.82,7.441606
2013-04-14 23:56:55.327002,65742.52,7.426002
2013-04-15 00:26:20.840786,66370.84,7.456387
2013-04-15 00:55:46.371871,65909.84,7.4348893
2013-04-15 01:25:11.894335,66461.68,7.462905
2013-04-15 01:54:37.408169,66204.836,7.447078
2013-04-15 02:24:02.939309,66475.05,7.463295
2013-04-15 02:53:28.461819,66426.56,7.4592767
2013-04-15 03:22:53.975713,66546.86,7.4627147
2013-04-15 03:52:19.506898,66554.24,7.4628315
2013-04-15 04:21:45.020823,66517.13,7.4654617
2013-04-15 04:51:10.552048,66664.9,7.4666243
2013-04-15 05:20:36.074648,66352.77,7.4550486
2013-04-15 05:50:01.588624,66766.266,7.4733977
2013-04-15 06:19:27.119898,66283.266,7.4532814
2013-04-15 06:48:52.642549,66558.13,7.4645863
2013-04-15 07:18:18.156580,66341.68,7.456051
2013-04-15 07:47:43.687905,66345.19,7.4560895
2013-04-15 08:17:09.210606,66380.87,7.4538336
2013-04-15 08:46:34.741966,66223.34,7.4459147
2013-04-15 09:16:00.256068,66241.37,7.452369
2013-04-15 09:45:25.778819,66103.95,7.4416966
2013-04-15 10:14:51.310235,66198.51,7.445725
2013-04-15 10:44:16.824381,65928.04,7.4342427
2013-04-15 11:13:42.347187,66324.2,7.454793
2013-04-15 11:43:07.878654,65663.836,7.42384
2013-04-15 12:12:33.392855,66386.33,7.450358
2013-04-15 12:41:58.915712,65668.664,7.420955
2013-04-15 13:11:24.447228,66095.33,7.4447765
2013-04-15 13:40:49.970120,65846.06,7.430569
2013-04-15 14:10:15.493028,65348.273,7.4089165
2013-04-15 14:39:41.015954,65624.414,7.4128885
2013-04-15 15:09:06.538896,64767.52,7.379818
2013-04-15 15:38:32.061859,65142.703,7.394291
2013-04-15 16:07:57.584836,64731.457,7.372644
2013-04-15 16:37:23.107833,64875.895,7.3777485
2013-04-15 17:06:48.639486,64944.61,7.3859406
2013-04-15 17:36:14.153873,65241.19,7.3954635
2013-04-15 18:05:39.685561,65131.656,7.3953505
2013-04-15 18:35:05.208624,65803.42,7.4302454
2013-04-15 19:04:30.723067,65583.086,7.4152465
2013-04-15 19:33:56.254805,65836.11,7.4289417
2013-04-15 20:03:21.769278,65759.93,7.424048
2013-04-15 20:32:47.292411,65744.305,7.423479
2013-04-15 21:02:12.824200,65878.17,7.435339
2013-04-15 21:31:38.338723,65843.805,7.4294844
2013-04-15 22:01:03.861906,65843.67,7.4297776
2013-04-15 22:30:29.393745,65932.17,7.4342523
2013-04-15 22:59:54.908324,65943.09,7.4351935
2013-04-15 23:29:20.440198,65922.18,7.4336133
2013-04-15 23:58:45.963447,66116.414,7.444206
2013-04-16 00:28:11.478076,65887.33,7.430194
2013-04-16 00:57:37.010000,66207.73,7.4443355
2013-04-16 01:27:02.533304,66154.74,7.4459777
2013-04-16 01:56:28.056623,66123.74,7.4419727
2013-04-16 02:25:53.579957,66485.0,7.459848
2013-04-16 02:55:19.103307,66059.34,7.4451265
2013-04-16 03:24:44.635321,66499.97,7.458883
2013-04-16 03:54:10.150066,66342.4,7.453316
2013-04-16 04:23:35.673471,66176.74,7.448797
2013-04-16 04:53:01.205531,66704.77,7.470269
2013-04-16 05:22:26.728966,65859.81,7.4289556
2013-04-16 05:51:52.243781,66829.5,7.4754806
2013-04-16 06:21:17.775891,65993.44,7.43527
2013-04-16 06:50:43.299381,66396.87,7.452314
2013-04-16 07:20:08.822887,66305.1,7.4505033
2013-04-16 07:49:34.346408,66064.9,7.4414926
2013-04-16 08:18:59.869948,66334.8,7.45062
2013-04-16 08:48:25.402144,65902.84,7.4356894
2013-04-16 09:17:50.917074,66161.14,7.447616
2013-04-16 09:47:16.440660,65738.84,7.426141
2013-04-16 10:16:41.972911,65966.0,7.434896
2013-04-16 10:46:07.487892,65401.74,7.4037175
2013-04-16 11:15:33.011533,65782.28,7.424287
2013-04-16 11:44:58.535185,65210.363,7.3959937
2013-04-16 12:14:24.058861,65616.5,7.4157953
2013-04-16 12:43:49.591192,65125.312,7.3939495
2013-04-16 13:13:15.106259,65299.152,7.3964305
2013-04-16 13:42:40.629980,65221.562,7.39948
2013-04-16 14:12:06.162362,65007.125,7.3872523
2013-04-16 14:41:31.677479,65079.94,7.389739
2013-04-16 15:10:57.201251,65027.17,7.388397
2013-04-16 15:40:22.733683,64713.2,7.374394
2013-04-16 16:09:48.248850,63312.16,7.306651
2013-04-16 16:39:13.781312,62149.89,7.2521014
2013-04-16 17:08:39.305155,59988.086,7.1455536
2013-04-16 17:38:04.820372,59392.08,7.1154804
2013-04-16 18:07:30.352884,58022.035,7.047033
2013-04-16 18:36:55.876777,58344.97,7.0680737
2013-04-16 19:06:21.400685,59074.55,7.1026225
2013-04-16 19:35:46.924608,59733.57,7.135971
2013-04-16 20:05:12.448551,62240.477,7.251938
2013-04-16 20:34:37.972509,62749.914,7.2758384
2013-04-16 21:04:03.505122,64960.73,7.384642
2013-04-16 21:33:29.020470,64843.734,7.3797917
2013-04-16 22:02:54.553118,65094.59,7.3920774
2013-04-16 22:32:20.077141,65202.395,7.397458
2013-04-16 23:01:45.592545,65078.695,7.3914247
2013-04-16 23:31:11.125243,65396.688,7.407687
2013-04-17 00:00:36.649317,65258.023,7.4016066
2013-04-17 00:30:02.164766,65532.97,7.413168
2013-04-17 00:59:27.697515,65427.22,7.407089
2013-04-17 01:28:53.221639,65619.87,7.4164257
2013-04-17 01:58:18.745778,65455.133,7.4117136
2013-04-17 02:27:44.269937,65804.3,7.42665
2013-04-17 02:57:09.785466,65670.945,7.4221025
2013-04-17 03:26:35.318296,65827.664,7.4311256
2013-04-17 03:56:00.842505,66064.76,7.4411654
2013-04-17 04:54:51.890969,66318.44,7.45147
2013-04-17 05:24:17.415224,66070.61,7.4413033
2013-04-17 05:53:42.939494,66422.73,7.458819
2013-04-17 06:23:08.463784,66200.86,7.448454
2013-04-17 06:52:33.988089,66644.414,7.4709787
2013-04-17 07:21:59.521054,66154.69,7.446807
2013-04-17 07:51:25.036749,66875.71,7.483023
2013-04-17 08:20:50.561104,66097.68,7.442609
2013-04-17 08:50:16.094120,66852.75,7.481722
2013-04-17 09:19:41.618505,66409.42,7.459141
2013-04-17 09:49:07.134271,66368.37,7.4562764
2013-04-17 10:18:32.667331,66825.28,7.479864
2013-04-17 10:47:58.191767,66038.01,7.438859
2013-04-17 11:17:23.716223,66905.47,7.4867907
2013-04-17 11:46:49.240694,66157.4,7.4478784
2013-04-17 12:16:14.765180,66425.41,7.4569798
2013-04-17 12:45:40.289681,66485.16,7.4632998
2013-04-17 13:15:05.814202,66018.49,7.4362645
2013-04-17 13:44:31.338739,66483.36,7.462479
2013-04-17 14:13:56.871930,65966.375,7.4382186
2013-04-17 14:43:22.387857,66242.91,7.4499726
2013-04-17 15:12:47.921084,66084.234,7.4446654
2013-04-17 15:42:13.445685,66074.88,7.444249
2013-04-17 16:11:38.961662,65962.77,7.43882
2013-04-17 16:41:04.494939,66063.87,7.4426303
2013-04-17 17:10:30.019586,65906.37,7.4296603
2013-04-17 17:39:55.535613,65941.234,7.4341936
2013-04-17 18:09:21.068935,65864.734,7.4316635
2013-04-17 18:38:46.584997,65401.555,7.4098134
2013-04-17 19:08:12.109710,65506.746,7.4141827
2013-04-17 19:37:37.643083,64927.33,7.389742
2013-04-17 20:07:03.159190,65084.047,7.392544
2013-04-17 20:36:28.692598,64817.453,7.3824043
2013-04-17 21:05:54.217376,65098.566,7.393738
2013-04-17 21:35:19.733533,64992.875,7.3883023
2013-04-17 22:04:45.266986,65568.46,7.419851
2013-04-17 22:34:10.791820,65266.05,7.403023
2013-04-17 23:03:36.316662,66104.39,7.447901
2013-04-17 23:33:01.841526,65741.26,7.4250355
2013-04-18 00:02:27.366404,66055.29,7.4408684
2013-04-18 00:31:52.899937,66141.95,7.4489574
2013-04-18 01:01:18.416206,65648.14,7.420999
2013-04-18 01:30:43.941135,66588.27,7.4696536
2013-04-18 02:00:09.474718,65631.9,7.4202914
2013-04-18 02:29:34.999677,66491.48,7.461214
2013-04-18 02:59:00.516011,66099.16,7.4434247
2013-04-18 03:28:26.049645,66022.97,7.441105
2013-04-18 03:57:51.574654,66579.49,7.4670687
2013-04-18 04:27:17.091033,65847.5,7.428882
2013-04-18 04:56:42.624717,66571.71,7.4717493
2013-04-18 05:26:08.149772,66057.62,7.4395976
2013-04-18 05:55:33.683486,66480.29,7.4644275
2013-04-18 06:24:59.199931,66134.69,7.445633
2013-04-18 06:54:24.725035,66491.77,7.464867
2013-04-18 07:23:50.258800,66195.805,7.4455633
2013-04-18 07:53:15.775295,66518.52,7.4665422
2013-04-18 08:22:41.300445,66238.3,7.446255
2013-04-18 08:52:06.834255,66424.66,7.4571085
2013-04-18 09:21:32.350800,66407.2,7.4580226
2013-04-18 09:50:57.884640,66216.47,7.4491024
2013-04-18 10:20:23.401220,66353.52,7.455078
2013-04-18 10:49:48.926451,66140.86,7.442679
2013-04-18 11:19:14.460342,66133.52,7.443037
2013-04-18 11:48:39.976967,66085.52,7.438447
2013-04-18 12:18:05.502247,66000.22,7.4325757
2013-04-18 12:47:31.036184,65849.836,7.4295273
2013-04-18 13:16:56.552859,65991.74,7.433664
2013-04-18 13:46:22.078185,65552.82,7.4125195
2013-04-18 14:15:47.612171,65807.055,7.424552
2013-04-18 14:45:13.137532,65614.8,7.411275
2013-04-18 15:14:38.662908,65251.527,7.402064
2013-04-18 15:44:04.188305,65908.55,7.430285
2013-04-18 16:13:29.713711,64745.355,7.3734894
2013-04-18 16:42:55.239138,65864.195,7.425753
2013-04-18 17:12:20.764580,64833.957,7.3782763
2013-04-18 17:41:46.290036,65242.297,7.4017053
2013-04-18 18:11:11.824148,65222.15,7.3951983
2013-04-18 18:40:37.341000,64708.746,7.3747993
2013-04-18 19:10:02.875141,65328.832,7.400853
2013-04-18 19:39:28.400664,64592.58,7.364922
2013-04-18 20:08:53.917561,64647.08,7.367842
2013-04-18 20:38:19.451753,62952.383,7.288119
2013-04-18 21:07:44.977320,61579.36,7.221589
2013-04-18 21:37:10.494263,59901.88,7.1374817
2013-04-18 22:06:36.028505,58825.133,7.0846076
2013-04-18 22:36:01.554123,58125.69,7.0472417
2013-04-18 23:05:27.071111,58244.977,7.0577416
2013-04-18 23:34:52.605398,59116.78,7.101551
2013-04-19 00:04:18.131066,60120.8,7.152651
2013-04-19 00:33:43.665384,62143.203,7.245154
2013-04-19 01:03:09.182437,63248.613,7.297641
2013-04-19 01:32:34.699510,64737.17,7.374101
2013-04-19 02:02:00.233879,64735.215,7.374115
2013-04-19 02:31:25.759617,64919.055,7.384168
2013-04-19 03:00:51.285375,64960.363,7.383973
2013-04-19 03:30:16.811149,64979.59,7.3847003
2013-04-19 03:59:42.336942,65011.465,7.38872
2013-04-19 04:29:07.871386,65147.305,7.394196
2013-04-19 04:58:33.388565,65226.9,7.397615
2013-04-19 05:27:58.914404,65093.945,7.3921585
2013-04-19 05:57:24.448898,65765.31,7.4193883
2013-04-19 06:26:49.974767,64796.098,7.3758183
2013-04-19 06:56:15.492011,66145.125,7.442093
2013-04-19 07:25:41.026551,65025.273,7.3891153
2013-04-19 07:55:06.552464,66026.05,7.434414
2013-04-19 08:24:32.078399,65519.45,7.4083405
2013-04-19 08:53:57.604344,65722.51,7.4193077
2013-04-19 09:23:23.130308,66074.07,7.43678
2013-04-19 09:52:48.664928,65657.27,7.417233
2013-04-19 10:22:14.182278,66230.336,7.4520783
2013-04-19 10:51:39.708292,65938.32,7.432427
2013-04-19 11:21:05.242958,66168.375,7.447063
2013-04-19 11:50:30.760358,66128.23,7.446773
2013-04-19 12:19:56.286413,66183.63,7.4476953
2013-04-19 12:49:21.821123,66157.63,7.4465523
2013-04-19 13:18:47.338574,66322.15,7.45742
2013-04-19 13:48:12.873319,66150.195,7.4445944
2013-04-19 14:17:38.399434,66285.66,7.4525375
2013-04-19 14:47:03.916930,66199.17,7.444481
2013-04-19 15:16:29.451721,66217.4,7.45092
2013-04-19 15:45:54.977887,66258.21,7.4532876
2013-04-19 16:15:20.495428,66197.77,7.4483614
2013-04-19 16:44:46.030268,66123.6,7.4435415
2013-04-19 17:14:11.547839,66223.945,7.448031
2013-04-19 17:43:37.082706,66083.195,7.440333
2013-04-19 18:13:02.608952,66023.336,7.431385
2013-04-19 18:42:28.126568,66190.625,7.447231
2013-04-19 19:11:53.661485,65788.6,7.4250093
2013-04-19 19:41:19.187776,66176.81,7.444961
2013-04-19 20:10:44.714083,65815.28,7.426733
2013-04-19 20:40:10.240400,65986.086,7.4319177
2013-04-19 21:09:35.766736,66006.89,7.437682
2013-04-19 21:39:01.293093,65757.5,7.4270244
2013-04-19 22:08:26.819460,65985.76,7.4334774
2013-04-19 22:37:52.345842,65685.9,7.4208717
2013-04-19 23:07:17.880879,65219.773,7.3970094
2013-04-19 23:36:43.407296,65593.21,7.4131956
2013-04-20 00:06:08.925084,64510.188,7.3667274
2013-04-20 00:35:34.460171,65439.67,7.4080205
2013-04-20 01:04:59.986629,64489.633,7.3567758
2013-04-20 01:34:25.504466,65213.797,7.3987355
2013-04-20 02:03:51.039599,65030.43,7.3880196
2013-04-20 02:33:16.566101,65284.383,7.3979774
2013-04-20 03:02:42.101264,65634.52,7.4188294
2013-04-20 03:32:07.619163,65793.055,7.422832
2013-04-20 04:30:58.680924,65899.09,7.428492
2013-04-20 05:00:24.198867,65975.86,7.4342356
2013-04-20 05:29:49.725465,65824.65,7.4219265
2013-04-20 05:59:15.260718,66082.61,7.4407287
2013-04-20 06:28:40.778712,65788.22,7.421386
2013-04-20 06:58:06.305356,66137.805,7.437694
2013-04-20 07:27:31.840654,65909.12,7.429576
2013-04-20 07:56:57.358688,66142.22,7.4430485
2013-04-20 08:26:22.894022,66037.55,7.43859
2013-04-20 08:55:48.412086,66190.46,7.44623
2013-04-20 09:25:13.938810,66097.38,7.4352407
2013-04-20 09:54:39.474184,66209.83,7.442899
2013-04-20 10:24:04.992298,66242.12,7.4475837
2013-04-20 10:53:30.519062,66081.41,7.4391522
2013-04-20 11:22:56.054486,66477.26,7.461338
2013-04-20 11:52:21.581286,65900.44,7.429964
2013-04-20 12:21:47.108096,66700.55,7.4693856
2013-04-20 12:51:12.634925,65910.25,7.42227
2013-04-20 13:20:38.161770,66447.0,7.4603515
2013-04-20 13:50:03.688630,66253.65,7.4453588
2013-04-20 14:19:29.215499,65949.336,7.429555
2013-04-20 14:48:54.742390,66453.42,7.4577723
2013-04-20 15:18:20.277935,65750.66,7.422038
2013-04-20 15:47:45.796215,66295.96,7.449994
2013-04-20 16:17:11.331790,65799.336,7.4234004
2013-04-20 16:46:36.858741,65876.445,7.4254684
2013-04-20 17:16:02.377066,65922.69,7.4299498
2013-04-20 17:45:27.912686,65548.35,7.411803
2013-04-20 18:14:53.439682,65797.305,7.419857
2013-04-20 18:44:18.958052,65472.812,7.409215
2013-04-20 19:13:44.493713,65537.484,7.4111323
2013-04-20 19:43:10.020754,65286.254,7.4012804
2013-04-20 20:12:35.539170,65462.65,7.40513
2013-04-20 20:42:01.074881,65018.49,7.3879066
2013-04-20 21:11:26.601968,65343.51,7.3994703
2013-04-20 21:40:52.129068,64932.684,7.385245
2013-04-20 22:10:17.656185,65073.85,7.3897805
2013-04-20 22:39:43.183316,65000.01,7.383272
2013-04-20 23:09:08.710463,64789.07,7.3789277
2013-04-20 23:38:34.237624,65148.58,7.388979
2013-04-21 00:07:59.764801,64516.84,7.361852
2013-04-21 00:37:25.291992,64402.61,7.3582487
2013-04-21 01:06:50.819200,62490.117,7.2668123
2013-04-21 01:36:16.355061,61336.05,7.2124114
2013-04-21 02:05:41.873658,59339.9,7.1135006
2013-04-21 02:35:07.400905,58757.83,7.0829086
2013-04-21 03:04:32.936813,57792.547,7.034458
2013-04-21 03:33:58.464095,58363.938,7.0601053
2013-04-21 04:03:23.982752,59188.406,7.1046677
2013-04-21 04:32:49.518704,60343.33,7.1626744
2013-04-21 05:02:15.046032,62483.73,7.266367
2013-04-21 05:31:40.564730,63257.844,7.3031015
2013-04-21 06:01:06.100728,65109.01,7.390918
2013-04-21 06:30:31.628100,64496.43,7.363996
2013-04-21 06:59:57.164128,64997.605,7.388408
2013-04-21 07:29:22.682886,64971.746,7.3859053
2013-04-21 07:58:48.210304,64812.113,7.3784704
2013-04-21 08:28:13.746372,65276.78,7.4018807
2013-04-21 08:57:39.265181,64947.094,7.383732
2013-04-21 09:27:04.792639,65300.582,7.4018373
2013-04-21 09:56:30.328757,65160.855,7.3953743
2013-04-21 10:25:55.847605,65453.582,7.4070964
2013-04-21 10:55:21.383754,65246.344,7.4003077
2013-04-21 11:24:46.911273,65782.88,7.4252014
2013-04-21 11:54:12.430167,65262.81,7.402592
2013-04-21 12:23:37.966355,66080.41,7.4413667
2013-04-21 12:53:03.493919,65440.2,7.409185
2013-04-21 13:22:29.012863,66116.49,7.441591
2013-04-21 13:51:54.549097,65807.9,7.425808
2013-04-21 14:21:20.076702,66168.1,7.442106
2013-04-21 14:50:45.595685,65975.695,7.4363985
2013-04-21 15:20:11.131965,66291.914,7.453999
2013-04-21 15:49:36.659620,66097.375,7.4437313
2013-04-21 16:19:02.187289,66331.4,7.4567356
2013-04-21 16:48:27.714973,66314.16,7.4537315
2013-04-21 17:17:53.242668,66138.27,7.4459386
2013-04-21 17:47:18.770383,66548.3,7.466281
2013-04-21 18:16:44.298108,66040.18,7.4373727
2013-04-21 18:46:09.825853,66423.19,7.459485
2013-04-21 19:15:35.353607,66266.664,7.4499054
2013-04-21 19:45:00.881383,66164.68,7.443088
2013-04-21 20:14:26.417808,66452.734,7.464591
2013-04-21 20:43:51.945608,66027.88,7.437283
2013-04-21 21:13:17.464783,66290.234,7.4524627
2013-04-21 21:42:43.001254,66179.92,7.444716
2013-04-21 22:12:08.529099,65894.63,7.436715
2013-04-21 22:41:34.048320,66272.836,7.452708
2013-04-21 23:10:59.584831,65773.23,7.4261093
2013-04-21 23:40:25.112721,66041.63,7.4404163
2013-04-22 00:09:50.631987,65947.305,7.437852
2013-04-22 00:39:16.168543,65766.93,7.429685
2013-04-22 01:08:41.696479,65977.06,7.434734
2013-04-22 01:38:07.233066,65732.64,7.4256015
2013-04-22 02:07:32.752387,65827.71,7.4331827
2013-04-22 02:36:58.280363,65739.31,7.4276066
2013-04-22 03:06:23.816994,65466.86,7.41159
2013-04-22 03:35:49.336360,65281.36,7.400501
2013-04-22 04:05:14.864382,65032.89,7.3924265
2013-04-22 04:34:40.401059,64802.992,7.3814282
2013-04-22 05:04:05.920466,64815.137,7.3826227
2013-04-22 05:33:31.457172,64572.97,7.365448
2013-04-22 06:02:56.985249,64918.55,7.387592
2013-04-22 06:32:22.504701,64905.637,7.3833623
2013-04-22 07:01:48.041453,65335.08,7.4091043
2013-04-22 07:31:13.569576,65403.562,7.4111743
2013-04-22 08:00:39.089073,65813.586,7.4316306
2013-04-22 08:30:04.625860,65718.016,7.427021
2013-04-22 08:59:30.154027,65852.59,7.430358
2013-04-22 09:28:55.673569,65987.25,7.43909
2013-04-22 09:58:21.210402,65605.38,7.419316
2013-04-22 10:27:46.738615,66371.52,7.458299
2013-04-22 10:57:12.275477,65409.977,7.410271
2013-04-22 11:26:37.795075,66556.65,7.468149
2013-04-22 11:56:03.323328,65604.02,7.419235
2013-04-22 12:25:28.860236,66274.33,7.452475
2013-04-22 12:54:54.379879,66096.805,7.4446077
2013-04-22 13:24:19.908173,66052.45,7.439311
2013-04-22 13:53:45.445126,66360.195,7.4570384
2013-04-22 14:23:10.964809,66171.805,7.4459176
2013-04-22 14:52:36.501788,66257.57,7.4511995
2013-04-22 15:22:02.030141,66418.92,7.4620633
2013-04-22 15:51:27.549869,66187.95,7.447575
2013-04-22 16:20:53.086893,66402.336,7.462214
2013-04-22 16:50:18.615292,66307.85,7.450814
2013-04-22 17:19:44.135061,66255.73,7.4458065
2013-04-22 17:49:09.672130,66386.51,7.458334
2013-04-22 18:18:35.200568,66198.305,7.4444094
2013-04-22 18:48:00.729022,66290.4,7.4548683
2013-04-22 19:17:26.257492,66204.03,7.4455934
2013-04-22 19:46:51.785971,66010.63,7.438792
2013-04-22 20:16:17.314470,66224.914,7.4474664
2013-04-22 20:45:42.842980,65885.28,7.435802
2013-04-22 21:15:08.371509,65950.7,7.433382
2013-04-22 21:44:33.900049,65887.4,7.4345164
2013-04-22 22:13:59.428603,65689.73,7.424605
2013-04-22 22:43:24.957173,65743.08,7.4281106
2013-04-22 23:12:50.485753,65550.76,7.416867
2013-04-22 23:42:16.014353,65582.43,7.4157977
2013-04-23 00:11:41.551602,65223.246,7.403136
2013-04-23 00:41:07.080228,65666.66,7.4200344
2013-04-23 01:10:32.600228,64856.582,7.380982
2013-04-23 01:39:58.137523,65550.5,7.418306
2013-04-23 02:09:23.666193,64745.555,7.3815565
2013-04-23 02:38:49.186234,65164.816,7.396229
2013-04-23 03:08:14.723569,65042.82,7.392432
2013-04-23 04:07:05.772365,65357.62,7.408336
2013-04-23 04:36:31.309746,64202.832,7.3540354
2013-04-23 05:05:56.838497,64320.133,7.3561554
2013-04-23 05:35:22.375907,62087.4,7.2508497
2013-04-23 06:04:47.896048,60973.844,7.1924844
2013-04-23 06:34:13.424845,59159.69,7.1055226
2013-04-23 07:03:38.962295,58422.71,7.0654397
2013-04-23 07:33:04.482482,57789.508,7.034691
2013-04-23 08:02:30.011318,58569.66,7.0712547
2013-04-23 08:31:55.548809,59104.656,7.1055117
2013-04-23 09:01:21.069036,60944.785,7.1910124
2013-04-23 09:30:46.606558,62410.633,7.266702
2013-04-23 10:00:12.135454,63707.703,7.322633
2013-04-23 10:29:37.655721,64912.47,7.3848896
2013-04-23 10:59:03.193283,64560.25,7.368399
2013-04-23 11:28:28.722219,65046.047,7.394886
2013-04-23 11:57:54.251171,64756.61,7.3774266
2013-04-23 12:27:19.780138,65059.75,7.395994
2013-04-23 12:56:45.309115,64950.383,7.388411
2013-04-23 13:26:10.829467,65238.824,7.401922
2013-04-23 13:55:36.367115,64986.875,7.389706
2013-04-23 14:25:01.896137,65468.816,7.41264
2013-04-23 14:54:27.425169,65161.113,7.3928304
2013-04-23 15:23:52.954222,65462.25,7.41041
2013-04-23 15:53:18.483284,65629.664,7.4209685
2013-04-23 16:22:44.021002,65412.832,7.408753
2013-04-23 16:52:09.541450,65878.2,7.4315906
2013-04-23 17:21:35.070558,65667.58,7.421067
2013-04-23 17:51:00.608316,65807.76,7.4280915
2013-04-23 18:20:26.128809,66056.18,7.4377627
2013-04-23 18:49:51.666597,65772.79,7.424864
2013-04-23 19:19:17.195755,66275.2,7.4490876
2013-04-23 19:48:42.716293,66045.85,7.438433
2013-04-23 20:18:08.254121,66109.266,7.4439735
2013-04-23 20:47:33.783325,66505.91,7.460583
2013-04-23 21:16:59.303898,65929.05,7.434319
2013-04-23 21:46:24.841772,66653.93,7.472399
2013-04-23 22:15:50.371015,66064.76,7.4410915
2013-04-23 22:45:15.891629,66442.92,7.459984
2013-04-23 23:14:41.429543,66296.53,7.449079
2013-04-23 23:44:06.958827,66202.03,7.4456835
2013-04-24 00:13:32.496771,66328.33,7.4517446
2013-04-24 00:42:58.017445,66241.89,7.4499917
2013-04-24 01:12:23.546769,66171.06,7.4449873
2013-04-24 01:41:49.084753,66188.336,7.44647
2013-04-24 02:11:14.605467,66122.11,7.443538
2013-04-24 02:40:40.134832,66085.6,7.440105
2013-04-24 03:10:05.672856,66121.96,7.440391
2013-04-24 03:39:31.202251,65886.1,7.431878
2013-04-24 04:08:56.731665,66072.42,7.441551
2013-04-24 04:38:22.261085,65747.95,7.4248962
2013-04-24 05:07:47.781884,66007.99,7.4357967
2013-04-24 05:37:13.319975,65667.54,7.4187183
2013-04-24 06:06:38.849440,66012.27,7.436611
2013-04-24 06:36:04.370279,65553.68,7.416505
2013-04-24 07:05:29.908415,66012.43,7.4368863
2013-04-24 07:34:55.437919,65247.78,7.399922
2013-04-24 08:04:20.958800,65377.63,7.4044266
2013-04-24 08:33:46.496970,65085.8,7.391884
2013-04-24 09:03:12.026520,64567.7,7.3693557
2013-04-24 09:32:37.564721,65197.324,7.396379
2013-04-24 10:02:03.085657,64329.88,7.3523593
2013-04-24 10:31:28.615242,65247.066,7.395154
2013-04-24 11:00:54.153488,64864.72,7.3836327
2013-04-24 11:30:19.674464,65276.348,7.3984656
2013-04-24 11:59:45.204089,65680.055,7.4187436
2013-04-24 12:29:10.742375,65605.47,7.418177
2013-04-24 12:58:36.263392,65934.97,7.433187
2013-04-24 13:28:01.801702,65725.24,7.422251
2013-04-24 13:57:27.331384,65920.266,7.4305196
2013-04-24 14:26:52.852440,65739.86,7.4248548
2013-04-24 14:56:18.390791,66121.58,7.4347043
2013-04-24 15:25:43.920518,65646.586,7.418484
2013-04-24 15:55:09.450259,66397.27,7.4526143
2013-04-24 16:24:34.980005,65660.52,7.4172645
2013-04-24 16:54:00.509772,66435.39,7.457071
2013-04-24 17:23:26.039554,65961.77,7.4367495
2013-04-24 17:52:51.569346,66234.54,7.4434633
2013-04-24 18:22:17.099153,66322.77,7.4487553
2013-04-24 18:51:42.628970,66117.91,7.4382553
2013-04-24 19:21:08.167447,66367.48,7.4508066
2013-04-24 19:50:33.688649,66220.46,7.4436803
2013-04-24 20:19:59.218511,66376.336,7.4554095
2013-04-24 20:49:24.748383,66180.03,7.440792
2013-04-24 21:18:50.278271,66470.73,7.456213
2013-04-24 21:48:15.816813,66135.7,7.4401965
2013-04-24 22:17:41.338085,66387.9,7.4551873
2013-04-24 22:47:06.876653,66274.94,7.4425306
2013-04-24 23:16:32.406596,66003.016,7.436435
2013-04-24 23:45:57.927908,66584.32,7.465708
2013-04-25 00:15:23.466517,65634.75,7.418477
2013-04-25 00:44:48.996499,66514.49,7.4601
2013-04-25 01:14:14.517852,65660.78,7.420437
2013-04-25 01:43:40.056500,65930.77,7.4332232
2013-04-25 02:13:05.586524,66004.83,7.4352574
2013-04-25 02:42:31.125197,65309.695,7.401781
2013-04-25 03:11:56.646605,66122.35,7.4381523
2013-04-25 03:41:22.176668,65050.348,7.3885536
2013-04-25 04:10:47.715382,65852.89,7.4319673
2013-04-25 04:40:13.236830,65070.47,7.3910284
2013-04-25 05:09:38.766934,65437.668,7.4132485
2013-04-25 05:39:04.305688,64963.117,7.385519
2013-04-25 06:08:29.827176,65345.918,7.4093733
2013-04-25 06:37:55.357320,64778.445,7.380988
2013-04-25 07:07:20.896114,65223.67,7.397687
2013-04-25 07:36:46.426283,64759.723,7.377618
2013-04-25 08:06:11.956462,64840.82,7.378791
2013-04-25 08:35:37.486661,64875.03,7.380543
2013-04-25 09:05:03.016866,64406.3,7.357613
2013-04-25 09:34:28.547090,63790.043,7.3236403
2013-04-25 10:03:54.077324,61820.605,7.2306156
2013-04-25 10:33:19.607574,60590.72,7.169592
2013-04-25 11:02:45.137833,58961.66,7.0889387
2013-04-25 11:32:10.668108,58323.96,7.0610595
2013-04-25 12:01:36.198398,57701.7,7.0248995
2013-04-25 12:31:01.728697,58825.5,7.0840197
2013-04-25 13:00:27.259012,59269.71,7.1079326
2013-04-25 13:29:52.797982,61326.965,7.206175
2013-04-25 13:59:18.319682,62723.36,7.28133
2013-04-25 14:28:43.850032,63855.223,7.329213
2013-04-25 14:58:09.389042,65077.668,7.3904343
2013-04-25 15:27:34.910782,64749.918,7.4056535
2013-04-25 15:57:00.441173,65136.99,7.39193
2013-04-25 16:26:25.980223,64683.832,7.372673
2013-04-25 16:55:51.502003,64952.508,7.3847227
2013-04-25 17:25:17.041074,65037.258,7.3874235
2013-04-25 17:54:42.571520,65042.887,7.390354
2013-04-25 18:24:08.093340,65119.953,7.3870893
2013-04-25 18:53:33.632451,65455.15,7.411024
2013-04-25 19:22:59.162937,65003.934,7.3880825
2013-04-25 19:52:24.684797,65842.88,7.4237795
2013-04-25 20:21:50.223949,65170.2,7.3937864
2013-04-25 20:51:15.754475,65850.97,7.4276133
2013-04-25 21:20:41.293651,65682.84,7.424892
2013-04-25 21:50:06.815562,65742.6,7.4256773
2013-04-25 22:19:32.346123,65940.17,7.430021
2013-04-25 22:48:57.885344,65854.88,7.428561
2013-04-25 23:18:23.415931,65917.05,7.4302225
2013-04-25 23:47:48.937898,66155.07,7.4449387
2013-04-26 00:17:14.477154,65988.36,7.4345274
2013-04-26 00:46:40.007781,66303.6,7.448656
2013-04-26 01:16:05.529783,66173.27,7.4430337
2013-04-26 01:45:31.069079,66315.766,7.4510117
2013-04-26 02:14:56.599746,66394.94,7.4500604
2013-04-26 02:44:22.130428,66292.016,7.44634
2013-04-26 03:43:13.183192,66288.97,7.4434576
2013-04-26 04:12:38.722550,66394.984,7.452242
2013-04-26 04:42:04.253282,66014.51,7.435842
2013-04-26 05:11:29.775389,66642.55,7.468977
2013-04-26 05:40:55.314786,65687.945,7.423743
2013-04-26 06:10:20.845559,66670.64,7.4676137
2013-04-26 06:39:46.384987,65775.51,7.426112
2013-04-26 07:09:11.907144,66189.805,7.4455338
2013-04-26 07:38:37.437952,66152.336,7.4442244
2013-04-26 08:08:02.977415,65786.88,7.426391
2013-04-26 08:37:28.499612,66262.63,7.44905
2013-04-26 09:06:54.030460,65762.99,7.426308
2013-04-26 09:36:19.569964,65955.03,7.4371305
2013-04-26 10:05:45.092202,65890.02,7.4299974
2013-04-26 10:35:10.623089,65730.586,7.424161
2013-04-26 11:04:36.162628,65891.945,7.4311986
2013-04-26 11:34:01.684901,65629.48,7.421168
2013-04-26 12:03:27.224469,65440.773,7.4101686
2013-04-26 12:32:52.755408,65223.38,7.4013095
2013-04-26 13:02:18.286361,65043.125,7.39242
2013-04-26 13:31:43.817325,64734.508,7.3774095
2013-04-26 14:01:09.348304,64972.848,7.3883553
2013-04-26 14:30:34.879292,64537.508,7.368761
2013-04-26 15:00:00.410296,65286.184,7.40624
2013-04-26 15:29:25.941315,64825.15,7.381592
2013-04-26 15:58:51.472339,65590.74,7.420086
2013-04-26 16:28:17.012023,65417.45,7.4136434
2013-04-26 16:57:42.534437,65916.18,7.432823
2013-04-26 17:27:08.074144,65700.59,7.4247327
2013-04-26 17:56:33.605223,65932.016,7.435906
2013-04-26 18:25:59.127675,65916.13,7.4343524
2013-04-26 18:55:24.667422,65807.87,7.4295774
2013-04-26 19:24:50.189899,66229.7,7.4520144
2013-04-26 19:54:15.721029,65592.586,7.4169126
2013-04-26 20:23:41.260813,66639.47,7.4655175
2013-04-26 20:53:06.783328,,
2013-04-26 21:22:32.323138,66499.95,7.4602656
2013-04-26 21:51:57.854320,66167.79,7.445685
2013-04-26 22:21:23.376872,65980.97,7.433845
2013-04-26 22:50:48.916720,66656.586,7.464867
2013-04-26 23:20:14.447937,65806.445,7.4297075
2013-04-26 23:49:39.970530,66773.94,7.478593
2013-04-27 00:19:05.510416,66049.93,7.440559
2013-04-27 00:48:31.041673,66425.76,7.455476
2013-04-27 01:17:56.572944,66416.37,7.4579425
2013-04-27 01:47:22.104224,66258.51,7.4495955
2013-04-27 02:16:47.635519,66318.68,7.449439
2013-04-27 02:46:13.175468,66349.85,7.4538226
2013-04-27 03:15:38.698146,66155.71,7.4411345
2013-04-27 03:45:04.229479,66296.76,7.450763
2013-04-27 04:14:29.769465,66236.234,7.445253
2013-04-27 04:43:55.300823,66038.24,7.435511
2013-04-27 05:13:20.823554,66264.68,7.448515
2013-04-27 05:42:46.363575,65785.125,7.425668
2013-04-27 06:12:11.894971,66156.39,7.439444
2013-04-27 06:41:37.426377,65719.445,7.4222846
2013-04-27 07:11:02.957799,65776.945,7.42877
2013-04-27 07:40:28.489232,65687.52,7.4240665
2013-04-27 08:09:54.029316,65574.57,7.4166684
2013-04-27 08:39:19.552135,65471.984,7.412359
2013-04-27 09:08:45.083604,65431.74,7.4115324
2013-04-27 09:38:10.623728,65440.594,7.409504
2013-04-27 10:07:36.146583,64950.535,7.3864965
2013-04-27 10:37:01.678089,65511.52,7.4155436
2013-04-27 11:06:27.209611,64685.535,7.374838
2013-04-27 11:35:52.741143,65307.18,7.4070883
2013-04-27 12:05:18.281327,64768.348,7.3768916
2013-04-27 12:34:43.804244,64899.844,7.384296
2013-04-27 13:04:09.335814,64941.273,7.3872347
2013-04-27 13:33:34.876036,64194.715,7.351737
2013-04-27 14:03:00.398991,63755.21,7.3239684
2013-04-27 14:32:25.930598,61540.098,7.2188797
2013-04-27 15:01:51.470858,60294.223,7.156264
2013-04-27 15:31:16.993848,58962.11,7.0914326
2013-04-27 16:00:42.534133,57999.11,7.0441165
2013-04-27 16:30:08.065791,58365.492,7.0613
2013-04-27 16:59:33.588818,58584.98,7.074586
2013-04-27 17:28:59.129139,60031.035,7.144977
2013-04-27 17:58:24.660831,61600.445,7.2202744
2013-04-27 18:27:50.192537,62989.07,7.2896333
2013-04-27 18:57:15.724255,64396.016,7.3594294
2013-04-27 19:26:41.255985,64775.18,7.38228
2013-04-27 19:56:06.787729,64697.668,7.3758
2013-04-27 20:25:32.328124,65127.625,7.395374
2013-04-27 20:54:57.851250,64736.36,7.3760257
2013-04-27 21:24:23.391671,65179.48,7.3971596
2013-04-27 21:53:48.923461,64978.63,7.3889146
2013-04-27 22:23:14.446622,65200.97,7.3997707
2013-04-27 22:52:39.987081,65133.562,7.3994856
2013-04-27 23:22:05.518910,65316.723,7.4048567
2013-04-27 23:51:31.042108,65297.188,7.404198
2013-04-28 00:20:56.582602,65409.258,7.4064136
2013-04-28 00:50:22.114466,65557.16,7.4182343
2013-04-28 01:19:47.646345,65428.332,7.4077706
2013-04-28 01:49:13.178234,65910.4,7.432451
2013-04-28 02:18:38.701493,65614.96,7.418197
2013-04-28 02:48:04.242047,65928.336,7.4342546
2013-04-28 03:17:29.773974,66048.74,7.4388733
2013-04-28 03:46:55.297271,65698.51,7.4217052
2013-04-28 04:16:20.837862,66513.16,7.457884
2013-04-28 04:45:46.369824,65622.56,7.416054
2013-04-28 05:15:11.901799,66577.0,7.4626083
2013-04-28 05:44:37.433783,65954.85,7.434411
2013-04-28 06:14:02.965783,66227.98,7.443343
2013-04-28 06:43:28.506432,66383.91,7.4543114
2013-04-28 07:12:54.029814,66097.58,7.4430776
2013-04-28 07:42:19.561849,66398.92,7.454561
2013-04-28 08:11:45.102536,66201.09,7.444579
2013-04-28 08:41:10.634596,66255.07,7.447773
2013-04-28 09:10:36.158027,66299.0,7.4501987
2013-04-28 09:40:01.698751,66195.984,7.4444847
2013-04-28 10:09:27.230844,66119.016,7.441388
2013-04-28 10:38:52.762952,66317.77,7.4495745
2013-04-28 11:08:18.295072,65932.88,7.4341965
2013-04-28 11:37:43.827203,66354.15,7.451446
2013-04-28 12:07:09.359346,65856.04,7.428951
2013-04-28 12:36:34.891501,66142.9,7.441765
2013-04-28 13:06:00.423669,65946.48,7.4321656
2013-04-28 13:35:25.964487,65982.805,7.4346237
2013-04-28 14:04:51.488038,65907.09,7.431046
2013-04-28 14:34:17.020241,65940.7,7.4339347
2013-04-28 15:03:42.561097,66006.29,7.437431
2013-04-28 15:33:08.084683,65793.31,7.4250193
2013-04-28 16:02:33.625561,65927.1,7.4333057
2013-04-28 16:31:59.157813,65390.18,7.409192
2013-04-28 17:01:24.681436,65389.74,7.408417
2013-04-28 17:30:50.222350,65135.88,7.3938184
2013-04-28 18:00:15.745996,64688.457,7.37356
2013-04-28 18:29:41.278295,65355.465,7.40661
2013-04-28 18:59:06.819246,64292.73,7.354433
2013-04-28 19:28:32.342928,65779.984,7.427931
2013-04-28 19:57:57.883902,64746.93,7.375223
2013-04-28 20:27:23.416246,65843.05,7.4284825
2013-04-28 20:56:48.939965,65559.8,7.416916
2013-04-28 21:26:14.480974,65710.95,7.4238825
2013-04-28 21:55:40.013356,66124.875,7.4403877
2013-04-28 22:25:05.545751,65624.04,7.4165406
2013-04-28 22:54:31.078155,66106.18,7.4377193
2013-04-28 23:23:56.610572,65816.42,7.4291263
2013-04-28 23:53:22.142999,66101.38,7.4405575
2013-04-29 00:22:47.675441,65896.85,7.4305725
2013-04-29 00:52:13.207893,66220.43,7.445419
2013-04-29 01:21:38.748996,65900.75,7.4320316
2013-04-29 01:51:04.281473,66426.85,7.451671
2013-04-29 02:20:29.805320,65972.47,7.434202
2013-04-29 03:19:20.878970,66348.93,7.4499493
2013-04-29 03:48:46.402853,66048.625,7.437048
2013-04-29 04:18:11.944029,66687.445,7.4655
2013-04-29 04:47:37.476576,66023.48,7.432146
2013-04-29 05:17:03.000491,66727.04,7.4706893
2013-04-29 05:46:28.541704,66059.66,7.4350533
2013-04-29 06:15:54.074282,66740.61,7.469696
2013-04-29 06:45:19.615518,66001.38,7.4362383
2013-04-29 07:14:45.139484,66641.78,7.46336
2013-04-29 07:44:10.672096,65993.59,7.434862
2013-04-29 08:13:36.213367,66483.945,7.4556327
2013-04-29 08:43:01.737365,66172.86,7.4394464
2013-04-29 09:12:27.270016,66055.3,7.4351435
2013-04-29 09:41:52.802680,66360.83,7.45071
2013-04-29 10:11:18.335354,65681.984,7.421767
2013-04-29 10:40:43.876682,66262.35,7.4481816
2013-04-29 11:10:09.400741,65669.11,7.418483
2013-04-29 11:39:34.933449,65781.3,7.4262495
2013-04-29 12:09:00.474811,65726.914,7.4214263
2013-04-29 12:38:25.998902,65480.16,7.4088855
2013-04-29 13:07:51.531646,65484.32,7.4105577
2013-04-29 13:37:17.073042,65482.594,7.411456
2013-04-29 14:06:42.605809,65117.19,7.3937263
2013-04-29 14:36:08.129948,65552.086,7.4137287
2013-04-29 15:05:33.671380,64836.523,7.3807993
2013-04-29 15:34:59.204182,65268.652,7.39847
2013-04-29 16:04:24.736995,64929.38,7.3831797
2013-04-29 16:33:50.269820,64925.875,7.3847795
2013-04-29 17:03:15.802657,64853.434,7.380605
2013-04-29 17:32:41.344144,64875.074,7.3808804
2013-04-29 18:02:06.868364,64218.016,7.3422112
2013-04-29 18:31:32.401233,63299.473,7.3003964
2013-04-29 19:00:57.942758,61289.938,7.205066
2013-04-29 19:30:23.467010,60103.773,7.14518
2013-04-29 19:59:49.008557,58591.48,7.069072
2013-04-29 20:29:14.541472,58193.066,7.049283
2013-04-29 20:58:40.065762,58149.48,7.04735
2013-04-29 21:28:05.607343,59013.58,7.089406
2013-04-29 21:57:31.140292,60196.977,7.148054
2013-04-29 22:26:56.664613,61913.73,7.233413
2013-04-29 22:56:22.206228,63349.176,7.302909
2013-04-29 23:25:47.739213,64300.47,7.359564
2013-04-29 23:55:13.263571,65038.797,7.390566
2013-04-30 00:24:38.805219,64570.266,7.3636827
2013-04-30 00:54:04.329597,65243.66,7.3945475
2013-04-30 01:23:29.871270,64701.32,7.3686485
2013-04-30 01:52:55.404311,65190.13,7.394064
2013-04-30 02:22:20.937364,65217.312,7.395056
2013-04-30 02:51:46.470430,64955.547,7.384664
2013-04-30 03:21:12.003506,65629.09,7.412355
2013-04-30 03:50:37.536594,65094.1,7.3895454
2013-04-30 04:20:03.069693,65658.414,7.4147987
2013-04-30 04:49:28.602801,65510.715,7.4079943
2013-04-30 05:18:54.144565,65559.54,7.4125395
2013-04-30 05:48:19.677696,65802.19,7.42222
2013-04-30 06:17:45.202200,65836.54,7.42316
2013-04-30 06:47:10.743996,65726.01,7.418925
2013-04-30 07:16:36.277162,66194.9,7.4411325
2013-04-30 07:46:01.801698,65818.93,7.419916
2013-04-30 08:15:27.343530,66311.26,7.443251
2013-04-30 08:44:52.876729,66127.5,7.434155
2013-04-30 09:14:18.401301,66087.18,7.434323
2013-04-30 09:43:43.943165,66500.75,7.4504743
2013-04-30 10:13:09.476397,66064.99,7.4307427
2013-04-30 10:42:35.018283,66551.36,7.456624
2013-04-30 11:12:00.542898,66114.62,7.4374833
2013-04-30 11:41:26.076167,66427.34,7.4498944
2013-04-30 12:10:51.618084,66267.9,7.4417396
2013-04-30 12:40:17.142734,66348.625,7.44516
2013-04-30 13:09:42.676036,66237.63,7.440983
2013-04-30 13:39:08.217988,66225.89,7.438335
2013-04-30 14:08:33.742670,66218.15,7.4368114
2013-04-30 14:37:59.276005,65981.62,7.428954
2013-04-30 15:07:24.817993,66286.9,7.4459777
2013-04-30 15:36:50.342708,65803.336,7.4201255
2013-04-30 16:06:15.884715,66159.195,7.4378376
2013-04-30 16:35:41.409452,65973.62,7.424554
2013-04-30 17:05:06.942843,65737.73,7.417387
2013-04-30 17:34:32.484886,66271.21,7.443048
2013-04-30 18:03:58.009656,65516.977,7.403411
2013-04-30 18:33:23.543081,66137.086,7.432081
2013-04-30 19:02:49.085154,65649.71,7.4088416
2013-04-30 19:32:14.618599,65806.766,7.4209433
2013-04-30 20:01:40.152055,65818.11,7.421248
2013-04-30 20:31:05.685523,65461.207,7.4027658
2013-04-30 21:00:31.219001,65388.508,7.401456
2013-04-30 21:29:56.752490,65091.145,7.3813095
2013-04-30 21:59:22.285993,64859.332,7.370859
2013-04-30 22:28:47.819504,64821.01,7.3721504
2013-04-30 22:58:13.361665,64774.566,7.371187
2013-04-30 23:27:38.886558,64657.98,7.363336
2013-04-30 23:57:04.420102,65323.63,7.3949695
2013-05-01 00:26:29.962298,64798.63,7.3689694
2013-05-01 00:55:55.487224,65919.195,7.4145
2013-05-01 01:25:21.029443,65319.402,7.387906
2013-05-01 01:54:46.563029,66077.836,7.43102
2013-05-01 02:24:12.087988,65695.664,7.412099
2013-05-01 02:53:37.630239,65864.13,7.4208784
2013-05-01 03:23:03.163858,65947.92,7.421423
2013-05-01 03:52:28.688853,65838.12,7.421363
2013-05-01 04:21:54.231134,66073.86,7.4292955
2013-05-01 04:51:19.764786,65886.11,7.423979
2013-05-01 05:20:45.307092,66277.81,7.434206
2013-05-01 05:50:10.832127,65807.64,7.4203377
2013-05-01 06:19:36.365814,66537.11,7.442118
2013-05-01 06:49:01.908150,65958.18,7.421329
2013-05-01 07:18:27.433217,66302.06,7.4346237
2013-05-01 07:47:52.966937,66373.59,7.442628
2013-05-01 08:17:18.500667,66041.0,7.421412
2013-05-01 08:46:44.034406,66605.62,7.452877
2013-05-01 09:16:09.568156,66074.18,7.4246426
2013-05-01 09:45:35.101918,66510.98,7.450109
2013-05-01 10:15:00.635691,66300.625,7.4358315
2013-05-01 10:44:26.178116,66329.164,7.4373307
2013-05-01 11:13:51.711910,66337.266,7.43621
2013-05-01 11:43:17.237076,66390.23,7.43687
2013-05-01 12:12:42.779531,65943.06,7.417255
2013-05-01 12:42:08.313356,66680.13,7.4445252
2013-05-01 13:11:33.838554,65573.62,7.397468
2013-05-01 13:40:59.381042,66523.164,7.441562
2013-05-01 14:10:24.914902,65763.99,7.4084363
2013-05-01 14:39:50.457412,66031.055,7.4183025
2013-05-01 15:09:15.982651,65940.16,7.413433
2013-05-01 15:38:41.516541,65641.3,7.400281
2013-05-01 16:08:07.059084,65807.61,7.410651
2013-05-01 16:37:32.584355,65537.414,7.39726
2013-05-01 17:06:58.118278,65367.895,7.3901734
2013-05-01 17:36:23.660851,65524.79,7.3982525
2013-05-01 18:05:49.186157,65127.832,7.3787503
2013-05-01 18:35:14.720110,65316.99,7.388634
2013-05-01 19:04:40.262717,65179.684,7.3797245
2013-05-01 19:34:05.788053,65106.9,7.3780627
2013-05-01 20:03:31.330679,65100.957,7.378277
2013-05-01 20:32:56.864677,65021.33,7.3758726
2013-05-01 21:02:22.398684,65003.527,7.373234
2013-05-01 21:31:47.932702,64611.746,7.3500867
2013-05-01 22:01:13.466731,65037.496,7.3782916
2013-05-01 22:30:39.000773,63732.69,7.312504
2013-05-01 23:00:04.534821,63184.65,7.279133
2013-05-01 23:29:30.068883,60567.01,7.1572366
2013-05-01 23:58:55.602955,59854.727,7.1295166
2013-05-02 00:28:21.137036,58385.98,7.047885
2013-05-02 00:57:46.671128,58095.137,7.028183
2013-05-02 01:27:12.205233,59124.24,7.039062
2013-05-02 01:56:37.739344,58894.246,7.0601425
2013-05-07 07:58:59.734385,65998.66,7.373704
2013-05-07 08:28:25.279565,65715.734,7.3055406
2013-05-07 08:57:50.807473,66222.14,7.357206
2013-05-07 09:27:16.352669,65437.855,7.3221784
2013-05-07 09:56:41.889233,65722.805,7.3418217
2013-05-07 10:26:07.417165,65154.137,7.3114195
2013-05-07 10:55:32.962386,65023.58,7.307744
2013-05-07 11:24:58.498975,64923.375,7.305517
2013-05-07 11:54:24.035572,64668.36,7.2909675
2013-05-07 12:23:49.572177,64901.723,7.302622
2013-05-07 12:53:15.108791,64802.137,7.3012085
2013-05-07 13:22:40.654053,65369.91,7.329076
2013-05-07 13:52:06.190682,65105.855,7.3185015
2013-05-07 14:21:31.718681,65867.23,7.3524876
2013-05-07 14:50:57.263968,65535.562,7.343241
2013-05-07 15:20:22.800622,65929.445,7.3583283
2013-05-07 15:49:48.328644,65825.766,7.3617716
2013-05-07 16:19:13.873956,65720.99,7.357259
2013-05-07 16:48:39.410635,66051.195,7.374433
2013-05-07 17:18:04.947322,65774.664,7.360733
2013-05-07 17:47:30.484017,66005.5,7.3678975
2013-05-07 18:16:56.012080,66080.04,7.371708
2013-05-07 18:46:21.557431,65786.51,7.3679495
2013-05-07 19:15:47.094152,66315.82,7.3893614
2013-05-07 19:45:12.622238,65941.664,7.373933
2013-05-07 20:14:38.167615,66137.59,7.3804636
2013-05-07 20:44:03.704358,66298.42,7.393352
2013-05-07 21:13:29.249751,65996.51,7.380258
2013-05-07 21:42:54.777870,66370.6,7.3956795
2013-05-07 22:12:20.314639,66216.414,7.388973
2013-05-07 22:41:45.860054,66135.97,7.390021
2013-05-07 23:11:11.388199,66558.99,7.410739
2013-05-08 00:10:02.470431,66535.4,7.4134016
2013-05-08 00:39:27.998598,66106.836,7.3995595
2013-05-08 01:08:53.544055,66230.54,7.40186
2013-05-08 01:38:19.080879,66316.625,7.408908
2013-05-08 02:07:44.617711,66020.36,7.3931036
2013-05-08 02:37:10.154551,66252.62,7.404342
2013-05-08 03:06:35.691399,65987.53,7.3915668
2013-05-08 03:36:01.228255,66067.42,7.3989024
2013-05-08 04:05:26.765119,65775.19,7.384781
2013-05-08 04:34:52.301990,65951.34,7.3978505
2013-05-08 05:04:17.847512,65554.74,7.3789263
2013-05-08 05:33:43.375758,65793.164,7.3912582
2013-05-08 06:03:08.912654,65432.297,7.37683
2013-05-08 06:32:34.458197,65464.223,7.3780274
2013-05-08 07:01:59.995109,65510.902,7.3821516
2013-05-08 07:31:25.523388,65132.25,7.3615494
2013-05-08 08:00:51.068955,65406.223,7.378855
2013-05-08 08:30:16.597249,65117.094,7.363474
2013-05-08 08:59:42.142833,65057.156,7.360201
2013-05-08 09:29:07.679784,65138.227,7.3662634
2013-05-08 09:58:33.208102,64794.01,7.351643
2013-05-08 10:27:58.753708,64959.88,7.3595243
2013-05-08 10:57:24.290683,64877.223,7.3590198
2013-05-08 11:26:49.819024,64293.137,7.332304
2013-05-08 11:56:15.364654,63659.67,7.3054056
2013-05-08 12:25:40.901652,61504.36,7.197776
2013-05-08 12:55:06.430016,60473.684,7.152323
2013-05-08 13:24:31.975670,58819.14,7.065863
2013-05-08 13:53:57.512691,58105.105,7.0276566
2013-05-08 14:23:23.058360,58301.24,7.0421815
2013-05-08 14:52:48.586756,58574.18,7.056162
2013-05-08 15:22:14.123801,60030.32,7.1287107
2013-05-08 15:51:39.669493,61529.39,7.1994877
2013-05-08 16:21:05.197912,62914.973,7.2642922
2013-05-08 16:50:30.734980,64627.36,7.3497195
2013-05-08 17:19:56.280695,64535.797,7.3483295
2013-05-08 17:49:21.809137,65248.758,7.3823333
2013-05-08 18:18:47.354868,64611.746,7.3496485
2013-05-08 18:48:12.891966,65454.367,7.391752
2013-05-08 19:17:38.429072,64701.465,7.353029
2013-05-08 19:47:03.966186,65606.85,7.402169
2013-05-08 20:16:29.503307,64908.934,7.3661942
2013-05-08 20:45:55.040435,65619.414,7.401093
2013-05-08 21:15:20.577572,65356.77,7.389444
2013-05-08 21:44:46.114716,65378.06,7.390876
2013-05-08 22:14:11.651868,65882.18,7.413917
2013-05-08 22:43:37.197667,65394.035,7.3916545
2013-05-08 23:13:02.726194,65952.164,7.4202337
2013-05-08 23:42:28.272009,65739.05,7.408493
2013-05-09 00:11:53.800550,65937.24,7.420236
2013-05-09 00:41:19.337739,66022.0,7.4209504
2013-05-09 01:10:44.883578,66179.65,7.4293876
2013-05-09 01:40:10.412142,65962.85,7.420238
2013-05-09 02:09:35.949354,66567.25,7.4481816
2013-05-09 02:39:01.495214,66035.98,7.420344
2013-05-09 03:08:27.023801,66592.44,7.446858
2013-05-09 03:37:52.569677,66312.32,7.436023
2013-05-09 04:07:18.106919,66187.33,7.4278913
2013-05-09 04:36:43.635529,66828.56,7.460562
2013-05-09 05:06:09.181426,65854.55,7.4166317
2013-05-09 05:35:34.718691,66914.69,7.462868
2013-05-09 06:05:00.247323,65987.945,7.420234
2013-05-09 06:34:25.793244,66440.49,7.441622
2013-05-09 07:03:51.330531,66361.02,7.4380407
2013-05-09 07:33:16.867826,66055.91,7.422464
2013-05-09 08:02:42.405128,66420.945,7.4410877
2013-05-09 08:32:07.942438,65984.34,7.4210305
2013-05-09 09:01:33.488395,66334.86,7.438361
2013-05-09 09:30:59.017080,65953.3,7.419696
2013-05-09 10:00:24.554412,66262.07,7.43323
2013-05-09 10:29:50.100391,65824.79,7.4129515
2013-05-09 10:59:15.637738,66197.45,7.4316993
2013-05-09 11:28:41.166452,65871.22,7.4139833
2013-05-09 11:58:06.712453,65895.83,7.4152765
2013-05-09 12:27:32.249822,65975.914,7.4203696
2013-05-09 12:56:57.778559,65700.62,7.405251
2013-05-09 13:26:23.324582,65841.07,7.4112
2013-05-09 13:55:48.861973,65615.15,7.4045954
2013-05-09 14:25:14.408011,65295.844,7.3844585
2013-05-09 14:54:39.936777,65348.445,7.388244
2013-05-09 15:24:05.474190,64681.11,7.3550777
2013-05-09 15:53:31.011610,64996.484,7.3687296
2013-05-09 16:22:56.549037,64641.824,7.352633
2013-05-09 16:52:22.077832,64826.84,7.3568645
2013-05-09 17:21:47.623915,65069.17,7.3733664
2013-05-09 17:51:13.161364,65087.633,7.372075
2013-05-09 18:20:38.707461,65398.535,7.388461
2013-05-09 18:50:04.236285,65777.22,7.4086375
2013-05-09 19:19:29.773756,65475.977,7.3943853
2013-05-09 19:48:55.319874,66218.04,7.424342
2013-05-09 20:18:20.848720,65454.246,7.3909283
2013-05-09 20:47:46.386212,66181.64,7.4230313
2013-05-09 21:17:11.932353,65754.29,7.4049654
2013-05-09 21:46:37.461220,65999.01,7.4149094
2013-05-09 22:16:02.998734,66043.11,7.41795
2013-05-09 22:45:28.544896,66076.8,7.417869
2013-05-09 23:14:54.082425,66023.57,7.415023
2013-05-09 23:44:19.619961,66214.41,7.424515
2013-05-10 00:13:45.157504,66133.55,7.418341
2013-05-10 00:43:10.695055,66245.695,7.4274535
2013-05-10 01:12:36.232612,66226.73,7.4260416
2013-05-10 01:42:01.770177,66279.26,7.4261594
2013-05-10 02:11:27.307748,66257.586,7.425818
2013-05-10 02:40:52.853967,66379.28,7.434099
2013-05-10 03:10:18.382912,66185.29,7.4248343
2013-05-10 03:39:43.920506,66478.44,7.434756
2013-05-10 04:09:09.466746,66110.51,7.4183393
2013-05-10 04:38:34.995713,66458.35,7.4351974
2013-05-10 05:08:00.541967,66279.97,7.427729
2013-05-10 05:37:26.079589,66135.29,7.417599
2013-05-10 06:06:51.608577,66374.836,7.429226
2013-05-10 06:36:17.154853,66102.875,7.414039
2013-05-10 07:05:42.692495,66104.47,7.4171042
2013-05-10 07:35:08.221504,66188.05,7.420254
2013-05-10 08:33:59.296825,66192.586,7.4158382
2013-05-10 09:03:24.843136,65644.82,7.3972926
2013-05-10 09:32:50.380813,65605.71,7.391174
2013-05-10 10:02:15.909857,65935.086,7.40797
2013-05-10 10:31:41.456188,65080.74,7.362715
2013-05-10 11:01:06.993887,65870.945,7.4046435
2013-05-10 11:30:32.522952,65091.57,7.369207
2013-05-10 11:59:58.069305,65346.6,7.383049
2013-05-10 12:29:23.607023,65233.812,7.3724074
2013-05-10 12:58:49.144750,64972.89,7.356593
2013-05-10 13:28:14.682483,65194.14,7.3709006
2013-05-10 13:57:40.220223,64902.11,7.3553677
2013-05-10 14:27:05.766611,64939.953,7.3554254
2013-05-10 14:56:31.295724,64971.32,7.3591747
2013-05-10 15:25:56.833484,64711.523,7.3444686
2013-05-10 15:55:22.379893,64565.56,7.338064
2013-05-10 16:24:47.917668,62912.934,7.262471
2013-05-10 16:54:13.446808,61810.11,7.2059894
2013-05-10 17:23:38.993237,59699.047,7.101142
2013-05-10 17:53:04.531032,59137.78,7.0742865
2013-05-10 18:22:30.060194,57691.17,7.005247
2013-05-10 18:51:55.606642,58670.33,7.052452
2013-05-10 19:21:21.144458,58685.63,7.0521855
2013-05-10 19:50:46.690921,60412.8,7.1425166
2013-05-10 20:20:12.220110,61865.69,7.204953
2013-05-10 20:49:37.757946,63304.293,7.2772813
2013-05-10 21:19:03.304429,64773.633,7.3460965
2013-05-10 21:48:28.833638,64808.88,7.3449926
2013-05-10 22:17:54.371493,64952.13,7.3546605
2013-05-10 22:47:19.909357,65026.453,7.3563747
2013-05-10 23:16:45.447227,65022.207,7.3590245
2013-05-10 23:46:10.993744,64998.926,7.356603
2013-05-11 00:15:36.522987,65395.062,7.3785906
2013-05-11 00:45:02.060877,64887.727,7.344251
2013-05-11 01:14:27.607414,65766.055,7.393607
2013-05-11 01:43:53.136677,65061.316,7.3595514
2013-05-11 02:13:18.674587,65621.81,7.389919
2013-05-11 02:42:44.221144,65664.67,7.3906493
2013-05-11 03:12:09.750427,65341.94,7.375211
2013-05-11 03:41:35.288357,66205.09,7.414669
2013-05-11 04:11:00.834934,65386.332,7.377215
2013-05-11 04:40:26.372878,66405.4,7.425636
2013-05-11 05:09:51.910829,65707.6,7.390144
2013-05-11 05:39:17.448785,66366.4,7.4159226
2013-05-11 06:08:42.986749,65950.28,7.401072
2013-05-11 06:38:08.524719,66477.945,7.42422
2013-05-11 07:07:34.062695,66114.82,7.4128366
2013-05-11 07:36:59.600678,66461.79,7.4255404
2013-05-11 08:06:25.147308,66366.98,7.420641
2013-05-11 08:35:50.676664,66374.43,7.4185953
2013-05-11 09:05:16.214667,66640.04,7.435652
2013-05-11 09:34:41.761318,66232.88,7.4149165
2013-05-11 10:04:07.290692,66631.54,7.434059
2013-05-11 10:33:32.837356,66387.22,7.424323
2013-05-11 11:02:58.375385,66377.56,7.420712
2013-05-11 11:32:23.904780,66289.266,7.337231
2013-05-11 12:01:49.451463,66284.74,7.41054
