time,flux,flux_err
2013-04-09 17:54:41.814550,11538.381,4.1723366
2013-04-09 18:24:07.324230,11549.7295,4.1787376
2013-04-09 18:53:32.842560,11538.347,4.175769
2013-04-09 19:22:58.343631,11536.522,4.173821
2013-04-09 19:52:23.853361,11539.706,4.177221
2013-04-09 20:21:49.371742,11540.879,4.1769853
2013-04-09 20:51:14.872873,11542.745,4.174555
2013-04-09 21:20:40.391294,11543.444,4.1736016
2013-04-09 21:50:05.901094,11538.906,4.175238
2013-04-09 22:19:31.410916,11544.633,4.1786556
2013-04-09 22:48:56.920757,11539.196,4.174563
2013-04-09 23:18:22.430618,11545.416,4.173918
2013-04-09 23:47:47.940489,11541.098,4.1746583
2013-04-10 00:17:13.450391,11539.033,4.1747417
2013-04-10 00:46:38.960302,11537.392,4.1760654
2013-04-10 01:16:04.470234,11538.672,4.1775775
2013-04-10 01:45:29.980186,11542.015,4.1791134
2013-04-10 02:14:55.490158,11541.523,4.177134
2013-04-10 02:44:21.000140,11543.26,4.1769705
2013-04-10 03:13:46.510152,11537.5625,4.180245
2013-04-10 03:43:12.020174,11535.649,4.1800075
2013-04-10 04:12:37.538857,11545.389,4.1797423
2013-04-10 04:42:03.040280,11546.051,4.1791983
2013-04-10 05:11:28.550362,11536.646,4.1792297
2013-04-10 05:40:54.069105,11543.472,4.17889
2013-04-10 06:10:19.570578,11536.253,4.1768684
2013-04-10 06:39:45.089350,11544.222,4.1799645
2013-04-10 07:09:10.599503,11545.461,4.1776505
2013-04-10 07:38:36.101037,11536.772,4.18033
2013-04-10 08:08:01.619870,11534.927,4.1785593
2013-04-10 08:37:27.130073,11539.006,4.1805167
2013-04-10 09:06:52.631667,11540.8,4.177012
2013-04-10 09:36:18.150550,11547.564,4.178533
2013-04-10 10:05:43.660814,11545.369,4.1797843
2013-04-10 10:35:09.179737,11545.954,4.178588
2013-04-10 11:04:34.681401,11543.044,4.1805944
2013-04-10 11:34:00.191715,11546.703,4.180814
2013-04-10 12:03:25.710699,11538.467,4.1791124
2013-04-10 12:32:51.212413,11547.301,4.17959
2013-04-10 13:02:16.722788,11534.63,4.181723
2013-04-10 13:31:42.241822,11539.014,4.1787043
2013-04-10 14:01:07.743586,11551.702,4.1832733
2013-04-10 14:30:33.262661,11537.176,4.1793294
2013-04-10 14:59:58.773106,11541.48,4.181139
2013-04-10 15:29:24.274931,11541.031,4.180589
2013-04-10 15:58:49.794056,11545.446,4.1809235
2013-04-10 16:28:15.304560,11545.242,4.1803775
2013-04-10 16:57:40.806436,11537.379,4.1786175
2013-04-10 17:27:06.325621,11545.655,4.182446
2013-04-10 17:56:31.836176,11540.009,4.183084
2013-04-10 18:25:57.338112,11542.802,4.181452
2013-04-10 18:55:22.857348,11547.456,4.180653
2013-04-10 19:24:48.367953,11541.79,4.180084
2013-04-10 19:54:13.878589,11546.903,4.180553
2013-04-10 20:23:39.389235,11549.11,4.181167
2013-04-10 20:53:04.899900,11541.157,4.1817555
2013-04-10 21:22:30.419227,11541.802,4.1825337
2013-04-10 21:51:55.921293,11548.949,4.1820064
2013-04-10 22:21:21.432009,11543.008,4.182392
2013-04-10 22:50:46.951396,11549.038,4.181027
2013-04-10 23:20:12.453512,11536.498,4.18106
2013-04-10 23:49:37.972929,11537.35,4.17969
2013-04-11 00:19:03.483726,11542.629,4.1840973
2013-04-11 00:48:28.985892,11536.61,4.183129
2013-04-11 01:17:54.505369,11542.27,4.1819305
2013-04-11 01:47:20.016216,11537.519,4.1828117
2013-04-11 02:16:45.518444,11533.189,4.1818304
2013-04-11 02:46:11.037970,11545.271,4.1833434
2013-04-11 03:15:36.548868,11537.303,4.182905
2013-04-11 03:45:02.059796,11543.363,4.1838636
2013-04-11 04:14:27.570733,11540.582,4.1838636
2013-04-11 04:43:53.081691,11538.205,4.1833906
2013-04-11 05:42:44.103656,11547.218,4.1815314
2013-04-11 06:12:09.614674,11542.622,4.18515
2013-04-11 06:41:35.134342,11540.001,4.184086
2013-04-11 07:11:00.636750,11544.623,4.1819444
2013-04-11 07:40:26.147819,11539.417,4.18207
2013-04-11 08:09:51.667537,11539.11,4.182942
2013-04-11 11:06:24.734425,11538.416,2.875788
2013-04-11 11:35:50.236999,11537.704,4.18071
2013-04-11 12:05:15.756863,11560.663,4.1878123
2013-04-11 12:34:41.268112,11535.078,4.1820254
2013-04-11 13:04:06.788017,11538.353,4.1745663
2013-04-11 13:33:32.290662,11532.773,4.176935
2013-04-11 14:02:57.801961,11543.656,4.18203
2013-04-11 14:32:23.321921,11542.984,4.184164
2013-04-11 15:01:48.824616,11547.18,4.1841345
2013-04-11 15:31:14.335970,11529.887,4.1791887
2013-04-11 16:00:39.855986,11541.487,4.182934
2013-04-11 16:30:05.358736,11545.488,4.183985
2013-04-11 16:59:30.870146,11541.567,4.180615
2013-04-11 17:28:56.390212,11540.452,4.183758
2013-04-11 17:58:21.893017,11527.844,4.1859593
2013-04-11 18:27:47.413118,11544.179,4.1819067
2013-04-11 18:57:12.924598,11543.375,4.1827474
2013-04-11 19:26:38.436099,11552.176,4.1879234
2013-04-11 19:56:03.947615,11558.481,4.189209
2013-04-11 20:25:29.459151,11544.192,4.1841097
2013-04-11 20:54:54.970702,11538.91,4.18473
2013-04-11 21:24:20.482273,11541.158,4.185769
2013-04-11 21:53:45.993860,11548.592,4.184004
2013-04-11 22:23:11.514106,11540.175,4.1836615
2013-04-11 22:52:37.017093,11539.896,4.186256
2013-04-11 23:22:02.528734,11542.646,4.1824865
2013-04-11 23:51:28.040391,11546.259,4.1857867
2013-04-12 00:20:53.552068,11543.663,4.185807
2013-04-12 00:50:19.063765,11544.421,4.18682
2013-04-12 01:19:44.584117,11540.126,4.1857247
2013-04-12 01:49:10.087209,11536.271,4.185095
2013-04-12 02:18:35.598961,11536.2295,4.186217
2013-04-12 02:48:01.119369,11542.866,4.1848164
2013-04-12 03:17:26.622511,11540.198,4.185166
2013-04-12 03:46:52.142954,11546.7295,4.186454
2013-04-12 04:16:17.654771,11544.846,4.1848655
2013-04-12 04:45:43.157974,11538.354,4.184143
2013-04-12 05:15:08.678467,11545.753,4.1872
2013-04-12 05:44:34.190340,11542.72,4.186642
2013-04-12 06:13:59.693593,11542.339,4.1846356
2013-04-12 06:43:25.214146,11538.562,4.185868
2013-04-12 07:12:50.726069,11542.457,4.186048
2013-04-12 07:42:16.246658,11537.99,4.1863127
2013-04-12 08:11:41.749976,11537.988,4.185613
2013-04-12 08:41:07.261960,11542.649,4.1872787
2013-04-12 09:10:32.782599,11542.621,4.186396
2013-04-12 09:39:58.285973,11533.534,4.1852627
2013-04-12 10:09:23.798006,11541.66,4.1864257
2013-04-12 10:38:49.318700,11542.55,4.1871514
2013-04-12 11:08:14.822130,11536.727,4.186972
2013-04-12 11:37:40.334214,11543.691,4.187548
2013-04-12 12:07:05.854958,11540.635,4.186898
2013-04-12 12:36:31.367083,11546.808,4.1882267
2013-04-12 13:05:56.879222,11542.636,4.1859403
2013-04-12 13:35:22.391381,11549.089,4.1871576
2013-04-12 14:04:47.894916,11550.297,4.1859083
2013-04-12 14:34:13.415746,11540.367,4.1873755
2013-04-12 15:03:38.927961,11537.586,4.187356
2013-04-12 15:33:04.431546,11539.81,4.1869
2013-04-12 16:02:29.952436,11549.027,4.1882005
2013-04-12 16:31:55.464696,11540.363,4.186206
2013-04-12 17:01:20.985622,11542.301,4.1863813
2013-04-12 17:30:46.489277,11543.3955,4.1877446
2013-04-12 18:00:12.001598,11540.288,4.1869426
2013-04-12 18:29:37.522569,11532.324,4.183851
2013-04-12 18:59:03.026279,11535.716,4.1858916
2013-04-12 19:28:28.538650,11543.308,4.188214
2013-04-12 19:57:54.059681,11543.853,4.1871634
2013-04-12 20:27:19.563442,11547.815,4.1886864
2013-04-12 20:56:45.084508,11543.605,4.18717
2013-04-12 21:26:10.596945,11559.632,4.1894274
2013-04-12 21:55:36.100765,11550.836,4.1880355
2013-04-12 22:25:01.621877,11545.045,4.1869726
2013-04-12 22:54:27.134374,11541.779,4.1863766
2013-04-12 23:23:52.638240,11534.239,4.1831484
2013-04-12 23:53:18.159412,11538.418,4.1837044
2013-04-13 00:22:43.671954,11535.392,4.1864295
2013-04-13 00:52:09.184516,11541.428,4.1862645
2013-04-13 01:21:34.697098,11545.454,4.184737
2013-04-13 01:51:00.209695,11543.924,4.18778
2013-04-13 02:20:25.730952,11547.7,4.18865
2013-04-13 02:49:51.234945,11543.98,4.1880674
2013-04-13 03:19:16.747598,11543.069,4.1867595
2013-04-13 03:48:42.268905,11538.7705,4.183908
2013-04-13 04:18:07.781593,11543.633,4.184647
2013-04-13 04:47:33.285656,11539.502,4.185838
2013-04-13 05:16:58.807013,11541.233,4.1858373
2013-04-13 05:46:24.311111,11549.325,4.182966
2013-04-13 06:15:49.832509,11542.582,4.1858993
2013-04-13 06:45:15.345282,11543.753,4.1841803
2013-04-13 07:14:40.849431,11545.399,4.1885915
2013-04-13 07:44:06.370879,11545.869,4.1837096
2013-04-13 08:13:31.883703,11538.6455,4.183937
2013-04-13 08:42:57.387906,11534.909,4.1836576
2013-04-13 09:12:22.909410,11537.809,4.183797
2013-04-13 09:41:48.422289,11545.494,4.184913
2013-04-13 10:11:13.926543,11543.317,4.185528
2013-04-13 10:40:39.448097,11543.696,4.1837654
2013-04-13 11:10:04.961026,11541.571,4.181487
2013-04-13 11:39:30.482610,11541.2295,4.183494
2013-04-13 12:08:55.986934,11543.895,4.184303
2013-04-13 12:38:21.499918,11550.731,4.1877503
2013-04-13 13:07:47.021558,11541.839,4.1852894
2013-04-13 13:37:12.525933,11542.903,4.1837945
2013-04-13 14:06:38.038967,11544.335,4.183909
2013-04-13 14:36:03.560662,11544.148,4.184566
2013-04-13 15:05:29.065092,11549.273,4.1842937
2013-04-13 15:34:54.586817,11548.691,4.1843715
2013-04-13 16:04:20.099922,11543.36,4.1848793
2013-04-13 16:33:45.613042,11544.574,4.1846414
2013-04-13 17:03:11.126178,11546.19,4.185495
2013-04-13 17:32:36.639333,11531.583,4.182012
2013-04-13 18:02:02.152508,11540.373,4.1821775
2013-04-13 18:31:27.665699,11543.483,4.1850657
2013-04-13 19:00:53.178905,11548.114,4.186968
2013-04-13 19:30:18.692130,11548.018,4.1865892
2013-04-13 19:59:44.214012,11545.651,4.1855526
2013-04-13 20:29:09.718633,11539.561,4.1851788
2013-04-13 20:58:35.231908,11547.594,4.1864443
2013-04-13 21:28:00.745205,11549.825,4.1864524
2013-04-13 21:57:26.258516,11547.599,4.1857038
2013-04-13 22:26:51.780482,11537.052,4.1845417
2013-04-13 22:56:17.285189,11540.208,4.1834826
2013-04-13 23:25:42.798551,11549.342,4.185443
2013-04-13 23:55:08.320572,11534.728,4.184713
2013-04-14 00:24:33.825329,11543.118,4.185144
2013-04-14 00:53:59.347386,11550.664,4.184326
2013-04-14 01:23:24.860818,11547.716,4.185828
2013-04-14 01:52:50.365625,11550.141,4.1852765
2013-04-14 02:22:15.887732,11545.49,4.1847997
2013-04-14 02:51:41.401215,11554.663,4.1860313
2013-04-14 03:21:06.906077,11546.008,4.1854024
2013-04-14 03:50:32.428235,11541.297,4.1846485
2013-04-14 04:19:57.941772,11542.574,4.184983
2013-04-14 05:18:48.968892,11548.755,4.1847515
2013-04-14 05:48:14.482480,11544.426,4.184883
2013-04-14 06:17:40.004724,11549.092,4.1853676
2013-04-14 06:47:05.509702,11542.883,4.1850314
2013-04-14 07:16:31.023345,11549.806,4.1839223
2013-04-14 07:45:56.545638,11545.623,4.185279
2013-04-14 08:15:22.059311,11545.489,4.1836643
2013-04-14 08:44:47.564360,11550.746,4.183888
2013-04-14 09:14:13.086704,11544.372,4.186231
2013-04-14 09:43:38.600432,11550.733,4.185652
2013-04-14 10:13:04.114171,11546.87,4.18619
2013-04-14 10:42:29.627930,11549.8955,4.182986
2013-04-14 11:11:55.141704,11546.697,4.182748
2013-04-14 11:41:20.655493,11543.013,4.1852365
2013-04-14 12:10:46.169302,11537.536,4.183381
2013-04-14 12:40:11.683131,11543.181,4.1832833
2013-04-14 13:09:37.196971,11545.224,4.184972
2013-04-14 13:39:02.710836,11550.582,4.184028
2013-04-14 14:08:28.233350,11544.494,4.1842103
2013-04-14 14:37:53.738605,11540.488,4.181469
2013-04-14 15:07:19.252515,11548.604,4.182475
2013-04-14 15:36:44.775084,11545.138,4.1836433
2013-04-14 16:06:10.280389,11547.836,4.1835995
2013-04-14 16:35:35.794355,11542.691,4.183429
2013-04-14 17:05:01.316969,11552.767,4.18435
2013-04-14 17:34:26.822330,11546.765,4.1847486
2013-04-14 18:03:52.336340,11552.7705,4.1857185
2013-04-14 18:33:17.859010,11544.84,4.183875
2013-04-14 19:02:43.364421,11552.491,4.185541
2013-04-14 19:32:08.887122,11541.04,4.185665
2013-04-14 20:01:34.401202,11545.118,4.1832194
2013-04-14 20:30:59.906664,11552.59,4.184252
2013-04-14 21:00:25.429420,11548.843,4.185209
2013-04-14 21:29:50.943550,11542.366,4.1829023
2013-04-14 21:59:16.457702,11539.796,4.182203
2013-04-14 22:28:41.971868,11550.534,4.1843615
2013-04-14 22:58:07.486049,11546.172,4.1832294
2013-04-14 23:27:33.008891,11547.7705,4.184297
2013-04-14 23:56:58.523108,11548.778,4.183009
2013-04-15 00:26:24.028699,11550.473,4.182449
2013-04-15 00:55:49.551591,11543.602,4.1810126
2013-04-15 01:25:15.065857,11542.447,4.183469
2013-04-15 01:54:40.571499,11554.537,4.180904
2013-04-15 02:24:06.094442,11550.056,4.1826053
2013-04-15 02:53:31.608764,11548.701,4.1847763
2013-04-15 03:22:57.114456,11550.385,4.1832333
2013-04-15 03:52:22.637448,11550.798,4.183382
2013-04-15 04:21:48.143176,11548.941,4.180839
2013-04-15 04:51:13.666203,11544.055,4.18292
2013-04-15 05:20:39.180606,11549.734,4.182807
2013-04-15 05:50:04.686384,11549.836,4.1808624
2013-04-15 06:19:30.209461,11542.806,4.180652
2013-04-15 06:48:55.723914,11548.536,4.1806736
2013-04-15 07:18:21.229743,11544.938,4.181888
2013-04-15 07:47:46.752870,11549.065,4.1804457
2013-04-15 08:17:12.267374,11553.866,4.1813874
2013-04-15 08:46:37.790532,11548.27,4.183864
2013-04-15 09:16:03.296425,11552.236,4.1837606
2013-04-15 09:45:28.810984,11547.495,4.1817303
2013-04-15 10:14:54.334192,11545.834,4.1821527
2013-04-15 10:44:19.840141,11551.138,4.180664
2013-04-15 11:13:45.354745,11539.411,4.1820445
2013-04-15 11:43:10.878004,11546.942,4.1825933
2013-04-15 12:12:36.384003,11546.893,4.1807575
2013-04-15 12:42:01.898657,11542.093,4.181262
2013-04-15 13:11:27.421966,11544.916,4.18194
2013-04-15 13:40:52.936655,11547.508,4.1808276
2013-04-15 14:10:18.451360,11553.737,4.1814885
2013-04-15 14:39:43.966079,11540.762,4.18094
2013-04-15 15:09:09.480814,11550.319,4.178526
2013-04-15 15:38:34.995574,11550.655,4.1806297
2013-04-15 16:08:00.510343,11552.333,4.18194
2013-04-15 16:37:26.025128,11546.298,4.180323
2013-04-15 17:06:51.548573,11550.235,4.181934
2013-04-15 17:36:17.054753,11552.938,4.182345
2013-04-15 18:05:42.578233,11547.777,4.182211
2013-04-15 18:35:08.093089,11548.623,4.1801043
2013-04-15 19:04:33.599319,11541.924,4.179299
2013-04-15 19:33:59.122844,11542.539,4.182502
2013-04-15 20:03:24.629110,11544.692,4.1821103
2013-04-15 20:32:50.144030,11539.534,4.18171
2013-04-15 21:02:15.667606,11551.585,4.1815577
2013-04-15 21:31:41.173922,11547.066,4.1808352
2013-04-15 22:01:06.688893,11552.92,4.181097
2013-04-15 22:30:32.212519,11548.311,4.1813817
2013-04-15 22:59:57.718885,11550.8,4.1793666
2013-04-15 23:29:23.242546,11544.554,4.1818023
2013-04-15 23:58:48.757583,11545.549,4.180122
2013-04-16 00:28:14.263994,11551.405,4.181715
2013-04-16 00:57:39.787705,11545.385,4.1811743
2013-04-16 01:27:05.302792,11551.674,4.18158
2013-04-16 01:56:30.817899,11555.923,4.17985
2013-04-16 02:25:56.333015,11550.59,4.1807327
2013-04-16 02:55:21.848152,11547.265,4.17981
2013-04-16 03:24:47.371944,11539.201,4.1788516
2013-04-16 03:54:12.878476,11555.696,4.181506
2013-04-16 04:23:38.393659,11550.077,4.1799617
2013-04-16 04:53:03.917506,11548.791,4.180685
2013-04-16 05:22:29.432723,11545.18,4.1801825
2013-04-16 05:51:54.939316,11545.451,4.1795154
2013-04-16 06:21:20.463208,11548.595,4.1782255
2013-04-16 06:50:45.978481,11548.85,4.1830397
2013-04-16 07:20:11.493764,11546.396,4.180951
2013-04-16 07:49:37.009067,11543.231,4.1793146
2013-04-16 08:19:02.524384,11538.863,4.1740556
2013-04-16 08:48:28.048358,11553.154,4.1843305
2013-04-16 09:17:53.555065,11547.182,4.1817923
2013-04-16 09:47:19.070434,11540.629,4.1800237
2013-04-16 10:16:44.594462,11551.743,4.1814284
2013-04-16 10:46:10.101220,11558.525,4.18261
2013-04-16 11:15:35.616634,11545.757,4.1816263
2013-04-16 11:45:01.132068,11546.623,4.179444
2013-04-16 12:14:26.647516,11556.5,4.184254
2013-04-16 12:43:52.171625,11549.084,4.178582
2013-04-16 13:13:17.678464,11545.466,4.1807957
2013-04-16 13:42:43.193963,11539.381,4.1814017
2013-04-16 14:12:08.718122,11552.894,4.180804
2013-04-16 14:41:34.225011,11554.367,4.1825213
2013-04-16 15:10:59.740560,11541.603,4.181211
2013-04-16 15:40:25.264765,11551.315,4.1814976
2013-04-16 16:09:50.771704,11550.557,4.182505
2013-04-16 16:39:16.295938,11551.819,4.1829963
2013-04-16 17:08:41.811553,11552.237,4.181827
2013-04-16 17:38:07.318543,11556.025,4.1819286
2013-04-16 18:07:32.842828,11546.134,4.1809454
2013-04-16 18:36:58.358493,11549.893,4.182369
2013-04-16 19:06:23.874168,11554.741,4.1832275
2013-04-16 19:35:49.389863,11540.969,4.1812053
2013-04-16 20:05:14.905573,11551.666,4.18017
2013-04-16 20:34:40.421304,11553.551,4.182803
2013-04-16 21:04:05.945684,11545.024,4.178485
2013-04-16 21:33:31.452804,11538.107,4.179789
2013-04-16 22:02:56.977220,11546.771,4.1817226
2013-04-16 22:32:22.493015,11546.564,4.1807733
2013-04-16 23:01:48.000181,11547.721,4.1823378
2013-04-16 23:31:13.524647,11553.784,4.182017
2013-04-17 00:00:39.040488,11548.038,4.183156
2013-04-17 00:30:04.547704,11542.786,4.1809053
2013-04-17 00:59:30.072221,11549.0,4.1809964
2013-04-17 01:28:55.588112,11550.032,4.180281
2013-04-17 01:58:21.104018,11549.834,4.1789594
2013-04-17 02:27:46.619939,11556.981,4.181259
2013-04-17 02:57:12.127236,11552.227,4.1824703
2013-04-17 03:26:37.651828,11540.074,4.180457
2013-04-17 03:56:03.167800,11546.921,4.178719
2013-04-17 04:54:54.199793,11547.387,4.1808863
2013-04-17 05:24:19.715810,11545.526,4.177956
2013-04-17 05:53:45.231847,11554.139,4.183728
2013-04-17 06:23:10.747899,11551.58,4.180926
2013-04-17 06:52:36.263967,11548.951,4.181239
2013-04-17 07:22:01.788689,11551.735,4.181594
2013-04-17 07:51:27.296151,11548.906,4.181794
2013-04-17 08:20:52.812269,11546.455,4.1808577
2013-04-17 08:50:18.337036,11535.509,4.179075
2013-04-17 09:19:43.853189,11554.039,4.181099
2013-04-17 09:49:09.360712,11554.026,4.181883
2013-04-17 10:18:34.885530,11546.942,4.1803226
2013-04-17 10:48:00.401728,11556.277,4.182173
2013-04-17 11:17:25.917941,11552.112,4.1817775
2013-04-17 11:46:51.434169,11556.499,4.1823306
2013-04-17 12:16:16.950418,11554.836,4.181908
2013-04-17 12:45:42.466676,11550.787,4.1816096
2013-04-17 13:15:07.982955,11547.065,4.1815534
2013-04-17 13:44:33.499248,11553.144,4.1818
2013-04-17 14:13:59.024197,11549.059,4.183127
2013-04-17 14:43:24.531881,11550.248,4.1829348
2013-04-17 15:12:50.056865,11548.876,4.1830316
2013-04-17 15:42:15.573223,11547.33,4.1834745
2013-04-17 16:11:41.080952,11559.846,4.1829085
2013-04-17 16:41:06.605982,11553.082,4.1831465
2013-04-17 17:10:32.122391,11553.208,4.183673
2013-04-17 17:39:57.630170,11564.014,4.184608
2013-04-17 18:09:23.155250,11548.268,4.180226
2013-04-17 18:38:48.663059,11553.676,4.1842074
2013-04-17 19:08:14.179529,11550.316,4.1817265
2013-04-17 19:37:39.704654,11547.257,4.1807623
2013-04-17 20:07:05.212518,11554.594,4.182389
2013-04-17 20:36:30.737673,11552.813,4.1829915
2013-04-17 21:05:56.254208,11548.144,4.18189
2013-04-17 21:35:21.762118,11555.833,4.182727
2013-04-17 22:04:47.287323,11548.9375,4.1827006
2013-04-17 22:34:12.803904,11547.667,4.1828737
2013-04-17 23:03:38.320499,11547.105,4.181824
2013-04-17 23:33:03.837109,11553.667,4.1831684
2013-04-18 00:02:29.353740,11549.634,4.183465
2013-04-18 00:31:54.879025,11550.506,4.1822844
2013-04-18 01:01:20.387046,11557.763,4.183706
2013-04-18 01:30:45.903722,11553.759,4.1805954
2013-04-18 02:00:11.429053,11553.78,4.183025
2013-04-18 02:29:36.945764,11559.104,4.181699
2013-04-18 02:59:02.453845,11563.291,4.1844783
2013-04-18 03:28:27.979226,11549.356,4.1835213
2013-04-18 03:57:53.495982,11559.251,4.1837726
2013-04-18 04:27:19.004114,11554.618,4.182955
2013-04-18 04:56:44.529540,11560.513,4.1833353
2013-04-18 05:26:10.046347,11548.511,4.182278
2013-04-18 05:55:35.571803,11548.034,4.1821866
2013-04-18 06:25:01.080000,11554.843,4.1837854
2013-04-18 06:54:26.596847,11550.729,4.183203
2013-04-18 07:23:52.122353,11551.517,4.1838083
2013-04-18 07:53:17.630601,11555.332,4.1833415
2013-04-18 08:22:43.147493,11546.867,4.1826024
2013-04-18 08:52:08.673050,11555.446,4.1829734
2013-04-18 09:21:34.181337,11550.005,4.1822495
2013-04-18 09:50:59.706925,11551.216,4.18297
2013-04-18 10:20:25.215247,11551.62,4.181528
2013-04-18 10:49:50.732225,11549.988,4.1830087
2013-04-18 11:19:16.257857,11550.822,4.182507
2013-04-18 11:48:41.766225,11546.467,4.1818423
2013-04-18 12:18:07.283248,11548.556,4.1834745
2013-04-18 12:47:32.808926,11550.552,4.1820397
2013-04-18 13:16:58.317343,11546.192,4.18292
2013-04-18 13:46:23.834417,11548.092,4.182662
2013-04-18 14:15:49.360140,11547.004,4.1831374
2013-04-18 14:45:14.877243,11554.725,4.1836042
2013-04-18 15:14:40.394362,11543.758,4.182225
2013-04-18 15:44:05.911495,11558.36,4.181865
2013-04-18 16:13:31.428648,11547.5205,4.182911
2013-04-18 16:42:56.945812,11548.716,4.182856
2013-04-18 17:12:22.462991,11545.492,4.182697
2013-04-18 17:41:47.980190,11546.313,4.1818004
2013-04-18 18:11:13.506044,11552.128,4.182986
2013-04-18 18:40:39.014628,11553.69,4.1830463
2013-04-18 19:10:04.540512,11552.842,4.1830516
2013-04-18 19:39:30.057776,11565.057,4.1847687
2013-04-18 20:08:55.566410,11551.172,4.183047
2013-04-18 20:38:21.092339,11550.104,4.1827826
2013-04-18 21:07:46.609644,11544.651,4.1830845
2013-04-18 21:37:12.118329,11547.049,4.182525
2013-04-18 22:06:37.644303,11547.331,4.182661
2013-04-18 22:36:03.161658,11552.085,4.1813717
2013-04-18 23:05:28.670388,11558.025,4.1843224
2013-04-18 23:34:54.196407,11545.447,4.181544
2013-04-19 00:04:19.713808,11558.538,4.1829076
2013-04-19 00:33:45.239862,11555.78,4.1831603
2013-04-19 01:03:10.748653,11551.735,4.1824646
2013-04-19 01:32:36.257463,11536.765,4.182479
2013-04-19 02:02:01.783564,11558.572,4.184155
2013-04-19 02:31:27.301039,11556.89,4.1831117
2013-04-19 03:00:52.818535,11543.841,4.182414
2013-04-19 03:30:18.336040,11547.378,4.183636
2013-04-19 03:59:43.853566,11545.352,4.1814356
2013-04-19 04:29:09.379747,11549.951,4.1808634
2013-04-19 04:58:34.888663,11548.695,4.1830792
2013-04-19 05:28:00.406228,11551.702,4.183194
2013-04-19 05:57:25.932455,11546.041,4.183995
2013-04-19 06:26:51.450060,11551.315,4.184151
2013-04-19 06:56:16.959037,11551.812,4.182316
2013-04-19 07:25:42.485308,11549.341,4.1835995
2013-04-19 07:55:08.002954,11556.24,4.183627
2013-04-19 08:24:33.520616,11549.038,4.181942
2013-04-19 08:53:59.038298,11546.842,4.181879
2013-04-19 09:23:24.555989,11551.091,4.18376
2013-04-19 09:52:50.082341,11542.331,4.183286
2013-04-19 10:22:15.591423,11552.389,4.183488
2013-04-19 10:51:41.109165,11555.787,4.183864
2013-04-19 11:21:06.635562,11555.792,4.1834836
2013-04-19 11:50:32.144695,11559.874,4.1831408
2013-04-19 12:19:57.662481,11546.984,4.1819983
2013-04-19 12:49:23.188919,11549.554,4.1825724
2013-04-19 13:18:48.698097,11542.776,4.1833506
2013-04-19 13:48:14.224574,11547.626,4.18228
2013-04-19 14:17:39.742421,11550.004,4.183793
2013-04-19 14:47:05.251644,11545.371,4.18289
2013-04-19 15:16:30.778162,11552.705,4.181512
2013-04-19 15:45:56.296055,11556.158,4.183647
2013-04-19 16:15:21.805323,11558.463,4.1836395
2013-04-19 16:44:47.331891,11554.632,4.1829143
2013-04-19 17:14:12.841189,11542.755,4.1807175
2013-04-19 17:43:38.367787,11550.18,4.181961
2013-04-19 18:13:03.885755,11552.716,4.1835065
2013-04-19 18:42:29.395104,11544.965,4.182855
2013-04-19 19:11:54.921742,11551.078,4.1835194
2013-04-19 19:41:20.439761,11561.436,4.1833615
2013-04-19 20:10:45.957789,11543.552,4.1829786
2013-04-19 20:40:11.475838,11544.87,4.182198
2013-04-19 21:09:36.993902,11551.957,4.180712
2013-04-19 21:39:02.511976,11547.253,4.1839666
2013-04-19 22:08:28.030070,11543.62,4.179135
2013-04-19 22:37:53.548179,11547.258,4.1830716
2013-04-19 23:07:19.074943,11550.357,4.182268
2013-04-19 23:36:44.593082,11553.446,4.1830683
2013-04-20 00:06:10.102597,11557.252,4.182652
2013-04-20 00:35:35.629406,11545.344,4.1807504
2013-04-20 01:05:01.147591,11547.95,4.180569
2013-04-20 01:34:26.657145,11553.471,4.182039
2013-04-20 02:03:52.184000,11548.767,4.180293
2013-04-20 02:33:17.702230,11549.304,4.1811824
2013-04-20 03:02:43.229120,11551.4375,4.1809835
2013-04-20 03:32:08.738740,11562.326,4.1818767
2013-04-20 04:30:59.783945,11543.495,4.1796765
2013-04-20 05:00:25.293611,11551.277,4.1791964
2013-04-20 05:29:50.811930,11546.898,4.1798377
2013-04-20 05:59:16.338906,11549.159,4.1817927
2013-04-20 06:28:41.848617,11550.346,4.1793604
2013-04-20 06:58:07.366983,11546.18,4.1799283
2013-04-20 07:27:32.894003,11547.319,4.1805296
2013-04-20 07:56:58.403759,11552.261,4.1829066
2013-04-20 08:26:23.930814,11548.53,4.181695
2013-04-20 08:55:49.440600,11551.978,4.1818132
2013-04-20 09:25:14.959042,11556.183,4.181249
2013-04-20 09:54:40.486137,11547.285,4.183133
2013-04-20 10:24:05.995969,11558.305,4.182497
2013-04-20 10:53:31.514455,11549.907,4.182357
2013-04-20 11:22:57.041596,11556.419,4.183944
2013-04-20 11:52:22.560113,11545.886,4.1802573
2013-04-20 12:21:48.078645,11550.755,4.1819663
2013-04-20 12:51:13.597196,11549.985,4.182258
2013-04-20 13:20:39.115758,11547.83,4.181988
2013-04-20 13:50:04.634335,11551.2705,4.1817203
2013-04-20 14:19:30.152926,11552.029,4.1804132
2013-04-20 14:48:55.671534,11550.356,4.1824527
2013-04-20 15:18:21.198796,11550.641,4.181089
2013-04-20 15:47:46.708793,11555.432,4.1826057
2013-04-20 16:17:12.236085,11557.694,4.1832767
2013-04-20 16:46:37.754753,11550.974,4.1810417
2013-04-20 17:16:03.264795,11552.51,4.182695
2013-04-20 17:45:28.792132,11553.303,4.182058
2013-04-20 18:14:54.310845,11548.185,4.181595
2013-04-20 18:44:19.820927,11548.771,4.1816792
2013-04-20 19:13:45.348310,11545.238,4.1801705
2013-04-20 19:43:10.867069,11546.566,4.1807036
2013-04-20 20:12:36.377201,11547.127,4.1811132
2013-04-20 20:42:01.904629,11543.602,4.1787114
2013-04-20 21:11:27.423428,11549.917,4.181517
2013-04-20 21:40:52.942245,11553.59,4.180736
2013-04-20 22:10:18.461079,11561.025,4.182519
2013-04-20 22:39:43.979923,11549.705,4.1803436
2013-04-20 23:09:09.498786,11551.579,4.1809216
2013-04-20 23:38:35.017659,11548.976,4.180503
2013-04-21 00:08:00.536553,11556.765,4.1829653
2013-04-21 00:37:26.055456,11558.712,4.18157
2013-04-21 01:06:51.574380,11555.671,4.1809754
2013-04-21 01:36:17.101954,11550.08,4.181275
2013-04-21 02:05:42.612263,11549.673,4.1819577
2013-04-21 02:35:08.131232,11547.831,4.1811943
2013-04-21 03:04:33.658852,11551.327,4.1811433
2013-04-21 03:33:59.177846,11549.12,4.1832128
2013-04-21 04:03:24.688215,11559.693,4.182919
2013-04-21 04:32:50.215879,11550.634,4.180195
2013-04-21 05:02:15.734919,11554.771,4.1810126
2013-04-21 05:31:41.245334,11547.628,4.180816
2013-04-21 06:01:06.773044,11552.791,4.181093
2013-04-21 06:30:32.292123,11551.485,4.1787257
2013-04-21 06:59:57.819863,11550.846,4.182303
2013-04-21 07:29:23.330337,11563.538,4.182588
2013-04-21 07:58:48.849468,11552.623,4.181334
2013-04-21 08:28:14.377248,11551.4375,4.182847
2013-04-21 08:57:39.887768,11560.0205,4.1823387
2013-04-21 09:27:05.406938,11551.243,4.1812034
2013-04-21 09:56:30.934764,11556.927,4.1814504
2013-04-21 10:25:56.445329,11549.4,4.180841
2013-04-21 10:55:21.973185,11554.303,4.1823425
2013-04-21 11:24:47.492415,11546.975,4.180713
2013-04-21 11:54:13.003021,11550.669,4.1820107
2013-04-21 12:23:38.530922,11556.004,4.182942
2013-04-21 12:53:04.050198,11549.39,4.182817
2013-04-21 13:22:29.560848,11557.653,4.1828465
2013-04-21 13:51:55.088789,11553.16,4.1817703
2013-04-21 14:21:20.608111,11556.753,4.179801
2013-04-21 14:50:46.118807,11556.579,4.183132
2013-04-21 15:20:11.646793,11550.03,4.1812205
2013-04-21 15:49:37.166155,11559.302,4.180537
2013-04-21 16:19:02.685536,11557.499,4.181206
2013-04-21 16:48:28.204927,11551.09,4.1810846
2013-04-21 17:17:53.724334,11551.787,4.1824427
2013-04-21 17:47:19.243756,11553.508,4.1798453
2013-04-21 18:16:44.763193,11559.497,4.1817136
2013-04-21 18:46:10.282645,11561.161,4.1824327
2013-04-21 19:15:35.802106,11547.1875,4.180615
2013-04-21 19:45:01.321589,11547.747,4.180395
2013-04-21 20:14:26.849726,11544.782,4.1812654
2013-04-21 20:43:52.369233,11547.733,4.1810074
2013-04-21 21:13:17.880115,11548.882,4.1806946
2013-04-21 21:42:43.408297,11553.697,4.1821747
2013-04-21 22:12:08.927850,11545.044,4.180325
2013-04-21 22:41:34.438778,11548.997,4.1798944
2013-04-21 23:10:59.967001,11559.226,4.181816
2013-04-21 23:40:25.486593,11548.883,4.181426
2013-04-22 00:09:50.997566,11553.482,4.180656
2013-04-22 00:39:16.525833,11552.934,4.180621
2013-04-22 01:08:42.045471,11554.292,4.1823792
2013-04-22 01:38:07.573770,11555.782,4.1832128
2013-04-22 02:07:33.084798,11559.004,4.18387
2013-04-22 02:36:58.604481,11560.641,4.1841044
2013-04-22 03:06:24.132820,11550.648,4.1824064
2013-04-22 03:35:49.643892,11548.085,4.1817613
2013-04-22 04:05:15.163616,11547.07,4.1823287
2013-04-22 04:34:40.692000,11553.258,4.1831155
2013-04-22 05:04:06.203114,11550.393,4.184254
2013-04-22 05:33:31.731527,11551.125,4.1819673
2013-04-22 06:02:57.251311,11550.961,4.182937
2013-04-22 06:32:22.762470,11551.834,4.181012
2013-04-22 07:01:48.290924,11556.932,4.1821437
2013-04-22 07:31:13.810753,11555.625,4.1830606
2013-04-22 08:00:39.321957,11547.404,4.1805167
2013-04-22 08:30:04.850451,11553.908,4.1837006
2013-04-22 08:59:30.370326,11565.255,4.1839404
2013-04-22 09:28:55.881570,11551.79,4.1825824
2013-04-22 09:58:21.410109,11552.3,4.1837354
2013-04-22 10:27:46.930024,11553.813,4.181438
2013-04-22 10:57:12.458594,11558.847,4.1827745
2013-04-22 11:26:37.969893,11550.392,4.180732
2013-04-22 11:56:03.489853,11553.792,4.1814995
2013-04-22 12:25:29.018463,11562.514,4.1834207
2013-04-22 12:54:54.529813,11540.325,4.1797867
2013-04-22 13:24:20.049813,11550.798,4.182353
2013-04-22 13:53:45.578468,11552.265,4.1817093
2013-04-22 14:23:11.089859,11546.267,4.180227
2013-04-22 14:52:36.618539,11558.308,4.1805887
2013-04-22 15:22:02.138599,11547.399,4.182327
2013-04-22 15:51:27.650030,11551.781,4.1825986
2013-04-22 16:20:53.178756,11552.975,4.182204
2013-04-22 16:50:18.698856,11558.228,4.1823535
2013-04-22 17:19:44.210332,11551.429,4.1811256
2013-04-22 17:49:09.739103,11550.554,4.1818266
2013-04-22 18:18:35.259248,11553.083,4.1825237
2013-04-22 18:48:00.779404,11559.215,4.182953
2013-04-22 19:17:26.299576,11555.09,4.183365
2013-04-22 19:46:51.819761,11551.238,4.1837144
2013-04-22 20:16:17.339963,11549.171,4.1813188
2013-04-22 20:45:42.860174,11546.299,4.1805415
2013-04-22 21:15:08.380405,11558.175,4.184129
2013-04-22 21:44:33.900647,11551.858,4.181259
2013-04-22 22:13:59.420909,11545.504,4.18022
2013-04-22 22:43:24.941180,11558.7295,4.1833615
2013-04-22 23:12:50.461462,11555.974,4.1829243
2013-04-22 23:42:15.981764,11553.115,4.1814265
2013-04-23 00:11:41.510715,11550.939,4.1798444
2013-04-23 00:41:07.031048,11546.325,4.178757
2013-04-23 01:10:32.542750,11552.972,4.180853
2013-04-23 01:39:58.071747,11556.061,4.1806917
2013-04-23 02:09:23.592114,11550.358,4.1832275
2013-04-23 02:38:49.103861,11549.095,4.182731
2013-04-23 03:08:14.632898,11542.858,4.180089
2013-04-23 04:07:05.665099,11550.805,4.181097
2013-04-23 04:36:31.194181,11540.492,4.180552
2013-04-23 05:05:56.714639,11549.434,4.1835885
2013-04-23 05:35:22.243746,11552.549,4.181885
2013-04-23 06:04:47.755589,11553.792,4.1803117
2013-04-23 06:34:13.276088,11550.4,4.183398
2013-04-23 07:03:38.805240,11563.834,4.1844954
2013-04-23 07:33:04.317123,11547.047,4.1831
2013-04-23 08:02:29.837667,11555.576,4.1812763
2013-04-23 08:31:55.366860,11550.84,4.18405
2013-04-23 09:01:20.878788,11547.969,4.181178
2013-04-23 09:30:46.408007,11551.201,4.183977
2013-04-23 10:00:11.928605,11557.097,4.1833544
2013-04-23 10:29:37.440574,11558.8955,4.1834116
2013-04-23 10:59:02.969838,11553.142,4.1834316
2013-04-23 11:28:28.490476,11552.448,4.181649
2013-04-23 11:57:54.011130,11554.381,4.1831164
2013-04-23 12:27:19.531794,11553.979,4.1810856
2013-04-23 12:56:45.052473,11549.775,4.183667
2013-04-23 13:26:10.564527,11556.4375,4.1815114
2013-04-23 13:55:36.093877,11552.24,4.1799135
2013-04-23 14:25:01.614600,11554.61,4.1811457
2013-04-23 14:54:27.135335,11553.822,4.181449
2013-04-23 15:23:52.656085,11554.226,4.18331
2013-04-23 15:53:18.176849,11544.345,4.177427
2013-04-23 16:22:43.706268,11547.541,4.181629
2013-04-23 16:52:09.218418,11540.116,4.18121
2013-04-23 17:21:34.739223,11552.401,4.181333
2013-04-23 17:51:00.268683,11551.777,4.178938
2013-04-23 18:20:25.780878,11547.894,4.1828895
2013-04-23 18:49:51.310362,11563.561,4.1832986
2013-04-23 19:19:16.831223,11555.631,4.1812744
2013-04-23 19:48:42.343458,11553.607,4.182099
2013-04-23 20:18:07.872988,11551.772,4.1804476
2013-04-23 20:47:33.393893,11543.571,4.1807165
2013-04-23 21:16:58.906169,11548.306,4.180605
2013-04-23 21:46:24.435739,11548.451,4.181971
2013-04-23 22:15:49.956685,11552.714,4.1794105
2013-04-23 22:45:15.469000,11558.518,4.1811814
2013-04-23 23:14:40.998616,11562.138,4.1826816
2013-04-23 23:44:06.519602,11557.935,4.180374
2013-04-24 00:13:32.049238,11553.423,4.181143
2013-04-24 00:42:57.561613,11550.382,4.178993
2013-04-24 01:12:23.082639,11551.454,4.179
2013-04-24 01:41:48.612320,11548.286,4.1798563
2013-04-24 02:11:14.124737,11548.09,4.180179
2013-04-24 02:40:39.645803,11549.318,4.17961
2013-04-24 03:10:05.175525,11552.327,4.180227
2013-04-24 03:39:30.696621,11551.011,4.179474
2013-04-24 04:08:56.217732,11553.486,4.180445
2013-04-24 04:38:21.738853,11554.384,4.180617
2013-04-24 05:07:47.251355,11543.758,4.1789856
2013-04-24 05:37:12.781147,11554.579,4.1813664
2013-04-24 06:06:38.302309,11552.777,4.181386
2013-04-24 06:36:03.814851,11549.434,4.1787863
2013-04-24 07:05:29.344683,11558.777,4.182779
2013-04-24 07:34:54.865885,11559.0,4.182469
2013-04-24 08:04:20.378467,11543.261,4.179977
2013-04-24 08:33:45.908339,11546.174,4.181917
2013-04-24 09:03:11.429586,11554.426,4.18193
2013-04-24 09:32:36.959489,11553.688,4.1825733
2013-04-24 10:02:02.472121,11550.934,4.179575
2013-04-24 10:31:27.993409,11553.642,4.179114
2013-04-24 11:00:53.523351,11548.886,4.178757
2013-04-24 11:30:19.036029,11548.192,4.1793823
2013-04-24 11:59:44.557357,11550.643,4.1782923
2013-04-24 12:29:10.087340,11546.429,4.1787877
2013-04-24 12:58:35.600058,11545.107,4.181142
2013-04-24 13:28:01.130065,11545.459,4.1797743
2013-04-24 13:57:26.651449,11545.372,4.178167
2013-04-24 14:26:52.164207,11552.545,4.181525
2013-04-24 14:56:17.694255,11552.508,4.18045
2013-04-24 15:25:43.215683,11547.738,4.1793666
2013-04-24 15:55:08.737122,11556.945,4.1815276
2013-04-24 16:24:34.258570,11554.914,4.180776
2013-04-24 16:53:59.780034,11546.974,4.1794944
2013-04-24 17:23:25.301513,11547.784,4.1793776
2013-04-24 17:52:50.823006,11556.827,4.1782546
2013-04-24 18:22:16.344510,11551.286,4.1785054
2013-04-24 18:51:41.866034,11555.209,4.183322
2013-04-24 19:21:07.396208,11544.541,4.179973
2013-04-24 19:50:32.909112,11547.531,4.1799984
2013-04-24 20:19:58.430671,11549.213,4.179143
2013-04-24 20:49:23.952245,11555.118,4.179574
2013-04-24 21:18:49.473829,11545.627,4.179096
2013-04-24 21:48:15.004073,11557.084,4.1817365
2013-04-24 22:17:40.517043,11554.885,4.1828804
2013-04-24 22:47:06.047313,11547.582,4.1781545
2013-04-24 23:16:31.568952,11551.767,4.180204
2013-04-24 23:45:57.081967,11546.913,4.177713
2013-04-25 00:15:22.612277,11553.712,4.179452
2013-04-25 00:44:48.133956,11549.051,4.1774936
2013-04-25 01:14:13.647011,11552.83,4.178948
2013-04-25 01:43:39.177361,11548.72,4.1796126
2013-04-25 02:13:04.699081,11548.499,4.1798873
2013-04-25 02:42:30.229456,11549.79,4.182399
2013-04-25 03:11:55.742562,11545.256,4.1790214
2013-04-25 03:41:21.264326,11548.039,4.18119
2013-04-25 04:10:46.794742,11547.577,4.1797657
2013-04-25 04:40:12.307888,11553.288,4.1806374
2013-04-25 05:09:37.829693,11549.676,4.1799526
2013-04-25 05:39:03.360149,11542.58,4.178514
2013-04-25 06:08:28.873334,11554.279,4.181072
2013-04-25 06:37:54.395175,11559.143,4.1822505
2013-04-25 07:07:19.925676,11552.195,4.180304
2013-04-25 07:36:45.447542,11549.723,4.1802487
2013-04-25 08:06:10.969422,11554.156,4.1802316
2013-04-25 08:35:36.491319,11555.787,4.180481
2013-04-25 09:05:02.013230,11554.754,4.180442
2013-04-25 09:34:27.535151,11560.888,4.181094
2013-04-25 10:03:53.057087,11552.97,4.1819363
2013-04-25 10:33:18.579034,11550.746,4.180244
2013-04-25 11:02:44.100995,11553.444,4.1803346
2013-04-25 11:32:09.622972,11563.517,4.181359
2013-04-25 12:01:35.144958,11559.487,4.181282
2013-04-25 12:31:00.666960,11544.849,4.1776543
2013-04-25 13:00:26.188977,11555.854,4.1813345
2013-04-25 13:29:51.719644,11552.029,4.180443
2013-04-25 13:59:17.233045,11556.585,4.181413
2013-04-25 14:28:42.755102,11549.579,4.1806407
2013-04-25 14:58:08.285809,11551.461,4.1804185
2013-04-25 15:27:33.799251,11559.937,4.1801777
2013-04-25 15:56:59.321344,11631.976,4.2156143
2013-04-25 16:26:24.852096,11550.135,4.179632
2013-04-25 16:55:50.365573,11545.886,4.1807094
2013-04-25 17:25:15.896351,11547.258,4.1809454
2013-04-25 17:54:41.418493,11547.943,4.1813316
2013-04-25 18:24:06.932015,11544.32,4.1804543
2013-04-25 18:53:32.462828,11549.384,4.180574
2013-04-25 19:22:57.985016,11553.377,4.1815786
2013-04-25 19:52:23.498574,11555.945,4.1804676
2013-04-25 20:21:49.029432,11550.94,4.1803603
2013-04-25 20:51:14.551655,11559.041,4.1817474
2013-04-25 21:20:40.082538,11546.609,4.181135
2013-04-25 21:50:05.596151,11549.668,4.1800814
2013-04-25 22:19:31.118414,11549.109,4.181383
2013-04-25 22:48:56.649332,11548.952,4.180219
2013-04-25 23:18:22.171626,11549.553,4.181345
2013-04-25 23:47:47.685289,11559.925,4.1833024
2013-04-26 00:17:13.216248,11551.564,4.1817737
2013-04-26 00:46:38.738581,11545.476,4.181966
2013-04-26 01:16:04.252285,11550.35,4.18056
2013-04-26 01:45:29.783283,11555.927,4.1817746
2013-04-26 02:14:55.305652,11553.8545,4.1820416
2013-04-26 02:44:20.828036,11555.065,4.181284
2013-04-26 03:43:11.864199,11555.844,4.181633
2013-04-26 04:12:37.395264,11551.75,4.1810794
2013-04-26 04:42:02.917702,11553.832,4.181602
2013-04-26 05:11:28.431507,11552.69,4.180552
2013-04-26 05:40:53.962611,11551.221,4.181418
2013-04-26 06:10:19.485085,11541.481,4.1782055
2013-04-26 06:39:45.016215,11556.404,4.1823645
2013-04-26 07:09:10.530075,11559.175,4.1815434
2013-04-26 07:38:36.052589,11568.907,4.184719
2013-04-26 08:08:01.583754,11548.477,4.1814017
2013-04-26 08:37:27.097653,11546.765,4.1802716
2013-04-26 09:06:52.620208,11551.946,4.1822896
2013-04-26 09:36:18.151414,11555.806,4.1821756
2013-04-26 10:05:43.665354,11551.447,4.1815934
2013-04-26 10:35:09.187943,11555.974,4.1817584
2013-04-26 11:04:34.719189,11559.462,4.1807785
2013-04-26 11:34:00.233164,11556.896,4.1822605
2013-04-26 12:03:25.764434,11549.757,4.181783
2013-04-26 12:32:51.287080,11556.833,4.1823454
2013-04-26 13:02:16.809735,11548.833,4.182375
2013-04-26 13:31:42.332405,11559.998,4.183074
2013-04-26 14:01:07.855086,11550.684,4.1813264
2013-04-26 14:30:33.377782,11547.996,4.1819296
2013-04-26 14:59:58.900488,11553.889,4.1820483
2013-04-26 15:29:24.423209,11554.57,4.18147
2013-04-26 15:58:49.945944,11555.389,4.18135
2013-04-26 16:28:15.477330,11558.331,4.183222
2013-04-26 16:57:40.991446,11551.715,4.1792283
2013-04-26 17:27:06.522862,11556.348,4.1822915
2013-04-26 17:56:32.045644,11551.49,4.181643
2013-04-26 18:25:57.559805,11548.675,4.1818466
2013-04-26 18:55:23.091251,11556.407,4.18189
2013-04-26 19:24:48.605438,11551.033,4.181188
2013-04-26 19:54:14.128274,11554.135,4.1820917
2013-04-26 20:23:39.659761,11558.132,4.18138
2013-04-26 21:22:30.705499,11552.965,4.1813602
2013-04-26 21:51:56.228386,11553.6,4.182197
2013-04-26 22:21:21.742643,11548.148,4.181126
2013-04-26 22:50:47.274195,11550.49,4.1807194
2013-04-26 23:20:12.797122,11552.141,4.1802654
2013-04-26 23:49:38.311419,11559.231,4.181043
2013-04-27 00:19:03.843011,11554.573,4.1816025
2013-04-27 00:48:29.365973,11555.046,4.1811194
2013-04-27 01:17:54.888950,11554.678,4.1811953
2013-04-27 01:47:20.411942,11546.59,4.1812167
2013-04-27 02:16:45.934940,11551.087,4.1808424
2013-04-27 02:46:11.466598,11554.749,4.1817956
2013-04-27 03:15:36.980986,11551.773,4.180782
2013-04-27 03:45:02.504023,11558.789,4.1808586
2013-04-27 04:14:28.035716,11551.583,4.1800838
2013-04-27 04:43:53.558783,11553.724,4.181388
2013-04-27 05:13:19.073221,11551.665,4.1822047
2013-04-27 05:42:44.604950,11560.154,4.1841903
2013-04-27 06:12:10.128052,11556.357,4.1816163
2013-04-27 06:41:35.651171,11551.268,4.181035
2013-04-27 07:11:01.174299,11555.136,4.182117
2013-04-27 07:40:26.697437,11551.916,4.1804357
2013-04-27 08:09:52.229233,11558.062,4.184079
2013-04-27 08:39:17.743759,11551.3955,4.180719
2013-04-27 09:08:43.266937,11547.849,4.18024
2013-04-27 09:38:08.798768,11551.162,4.180636
2013-04-27 10:07:34.313332,11555.903,4.184488
2013-04-27 10:36:59.836548,11558.001,4.186266
2013-04-27 11:06:25.359779,11555.616,4.1814113
2013-04-27 11:35:50.883021,11553.047,4.179514
2013-04-27 12:05:16.414915,11549.207,4.18155
2013-04-27 12:34:41.929541,11554.877,4.1809115
2013-04-27 13:04:07.452820,11550.97,4.1813264
2013-04-27 13:33:32.984752,11559.199,4.18269
2013-04-27 14:02:58.499416,11562.828,4.1814284
2013-04-27 14:32:24.022736,11556.634,4.1851587
2013-04-27 15:01:49.554705,11548.3,4.180175
2013-04-27 15:31:15.069407,11557.471,4.182708
2013-04-27 16:00:40.601401,11549.836,4.1802106
2013-04-27 16:30:06.124768,11545.311,4.179431
2013-04-27 16:59:31.639508,11549.205,4.180617
2013-04-27 17:28:57.171540,11554.192,4.183091
2013-04-27 17:58:22.694945,11549.07,4.184653
2013-04-27 18:27:48.218360,11555.1045,4.1863155
2013-04-27 18:57:13.741790,11568.587,4.188367
2013-04-27 19:26:39.265232,11544.615,4.179303
2013-04-27 19:56:04.788687,11554.814,4.1826935
2013-04-27 20:25:30.320793,11552.587,4.182868
2013-04-27 20:54:55.835633,11559.639,4.1855884
2013-04-27 21:24:21.367763,11559.391,4.184989
2013-04-27 21:53:46.891268,11549.643,4.1811028
2013-04-27 22:23:12.406144,11556.306,4.1843214
2013-04-27 22:52:37.938312,11556.82,4.185441
2013-04-27 23:22:03.461853,11550.727,4.183784
2013-04-27 23:51:28.976765,11554.744,4.183339
2013-04-28 00:20:54.508974,11550.433,4.1834745
2013-04-28 00:50:20.032552,11560.098,4.18553
2013-04-28 01:19:45.556143,11550.379,4.181376
2013-04-28 01:49:11.079744,11528.141,4.1768527
2013-04-28 02:18:36.594720,11535.685,4.1786466
2013-04-28 02:48:02.126986,11558.91,4.1785994
2013-04-28 03:17:27.650627,11534.452,4.178234
2013-04-28 03:46:53.165639,11538.403,4.1802044
2013-04-28 04:16:18.697945,11537.136,4.177934
2013-04-28 04:45:44.221621,11536.404,4.176498
2013-04-28 05:15:09.745310,11535.936,4.1787906
2013-04-28 05:44:35.269011,11532.868,4.1780596
2013-04-28 06:14:00.792726,11550.002,4.181383
2013-04-28 06:43:26.325092,11554.081,4.18376
2013-04-28 07:12:51.840189,11549.761,4.183158
2013-04-28 07:42:17.363938,11555.562,4.1828833
2013-04-28 08:11:42.896342,11558.453,4.1843963
2013-04-28 08:41:08.420117,11553.838,4.184696
2013-04-28 09:10:33.935264,11557.853,4.1839523
2013-04-28 09:39:59.467703,11551.756,4.1828923
2013-04-28 10:09:24.991516,11556.258,4.1830816
2013-04-28 10:38:50.515338,11555.382,4.183798
2013-04-28 11:08:16.039175,11553.747,4.184781
2013-04-28 11:37:41.563023,11563.782,4.1841936
2013-04-28 12:07:07.086885,11557.317,4.1854844
2013-04-28 12:36:32.610757,11556.482,4.1824474
2013-04-28 13:05:58.134640,11550.88,4.1846714
2013-04-28 13:35:23.667178,11549.295,4.183744
2013-04-28 14:04:49.182448,11557.613,4.1842747
2013-04-28 14:34:14.706368,11551.716,4.1839137
2013-04-28 15:03:40.238941,11552.839,4.1821723
2013-04-28 15:33:05.754249,11552.188,4.1830754
2013-04-28 16:02:31.286847,11553.746,4.1846757
2013-04-28 16:31:56.810815,11559.617,4.1806035
2013-04-28 17:01:22.326158,11551.926,4.1835737
2013-04-28 17:30:47.858791,11551.672,4.1827145
2013-04-28 18:00:13.374157,11553.831,4.1829624
2013-04-28 18:29:38.898175,11552.964,4.1827846
2013-04-28 18:59:04.430846,11551.467,4.1839457
2013-04-28 19:28:29.946248,11557.897,4.18336
2013-04-28 19:57:55.478943,11554.291,4.1830597
2013-04-28 20:27:21.003010,11549.798,4.182703
2013-04-28 20:56:46.518448,11555.975,4.183584
2013-04-28 21:26:12.051179,11550.25,4.1832137
2013-04-28 21:55:37.575281,11557.4375,4.183694
2013-04-28 22:25:03.099398,11545.798,4.1814485
2013-04-28 22:54:28.623521,11552.436,4.1818886
2013-04-28 23:23:54.147660,11557.469,4.1809454
2013-04-28 23:53:19.671812,11552.977,4.183047
2013-04-29 00:22:45.195973,11555.931,4.1836863
2013-04-29 00:52:10.720150,11541.551,4.1820893
2013-04-29 01:21:36.252978,11549.929,4.181917
2013-04-29 01:51:01.777176,11548.213,4.183965
2013-04-29 02:20:27.292746,11547.817,4.180877
2013-04-29 03:19:18.349845,11547.841,4.1827326
2013-04-29 03:48:43.865450,11548.682,4.179549
2013-04-29 04:18:09.398350,11542.915,4.181979
2013-04-29 04:47:34.922619,11554.754,4.183305
2013-04-29 05:17:00.438262,11553.246,4.1811223
2013-04-29 05:46:25.971196,11546.914,4.182613
2013-04-29 06:15:51.495502,11557.322,4.182755
2013-04-29 06:45:17.028460,11558.418,4.1835265
2013-04-29 07:14:42.544150,11553.949,4.180848
2013-04-29 07:44:08.068492,11549.243,4.1822906
2013-04-29 08:13:33.601485,11553.849,4.1820574
2013-04-29 08:42:59.117210,11551.56,4.1818976
2013-04-29 09:12:24.641588,11564.851,4.1838894
2013-04-29 09:41:50.165979,11554.238,4.182393
2013-04-29 10:11:15.690380,11557.29,4.182513
2013-04-29 10:40:41.223432,11551.172,4.182172
2013-04-29 11:10:06.739218,11552.91,4.1839967
2013-04-29 11:39:32.263654,11548.476,4.178699
2013-04-29 12:08:57.796745,11553.409,4.1833243
2013-04-29 12:38:23.312563,11558.271,4.1831856
2013-04-29 13:07:48.837036,11554.857,4.182653
2013-04-29 13:37:14.370160,11550.094,4.181947
2013-04-29 14:06:39.894657,11552.536,4.1819205
2013-04-29 14:36:05.410522,11555.404,4.1804986
2013-04-29 15:05:30.943681,11549.965,4.181856
2013-04-29 15:34:56.468213,11555.449,4.182822
2013-04-29 16:04:21.992756,11560.095,4.181971
2013-04-29 16:33:47.517310,11544.778,4.180982
2013-04-29 17:03:13.041877,11554.669,4.1790586
2013-04-29 17:32:38.575096,11559.784,4.1823897
2013-04-29 18:02:04.091045,11547.964,4.1796203
2013-04-29 18:31:29.615647,11553.993,4.1823316
2013-04-29 19:00:55.148901,11552.432,4.183006
2013-04-29 19:30:20.664886,11551.939,4.1828694
2013-04-29 19:59:46.198162,11562.666,4.182307
2013-04-29 20:29:11.722809,11547.028,4.1783648
2013-04-29 20:58:37.238832,11544.883,4.180069
2013-04-29 21:28:02.772144,11555.139,4.180837
2013-04-29 21:57:28.296826,11557.598,4.1824803
2013-04-29 22:26:53.812881,11557.021,4.181167
2013-04-29 22:56:19.346228,11548.856,4.181745
2013-04-29 23:25:44.870945,11554.489,4.1815176
2013-04-29 23:55:10.387035,11552.08,4.182871
2013-04-30 00:24:35.920418,11550.897,4.1831317
2013-04-30 00:54:01.436530,11553.325,4.1822543
2013-04-30 01:23:26.969936,11561.01,4.182164
2013-04-30 01:52:52.494713,11561.559,4.1837163
2013-04-30 02:22:18.019501,11550.661,4.181435
2013-04-30 02:51:43.544302,11551.781,4.182629
2013-04-30 03:21:09.069112,11554.276,4.1819415
2013-04-30 03:50:34.593935,11547.629,4.180501
2013-04-30 04:20:00.118771,11561.794,4.1828938
2013-04-30 04:49:25.643613,11554.936,4.180704
2013-04-30 05:18:51.177112,11553.735,4.1818933
2013-04-30 05:48:16.701980,11558.152,4.182965
2013-04-30 06:17:42.218224,11556.537,4.1804533
2013-04-30 06:47:07.751754,11560.956,4.182821
2013-04-30 07:16:33.276658,11557.985,4.1790643
2013-04-30 07:45:58.792934,11550.376,4.1822524
2013-04-30 08:15:24.326500,11557.498,4.1834035
2013-04-30 08:44:49.851439,11553.284,4.1806474
2013-04-30 09:14:15.367750,11562.228,4.180818
2013-04-30 09:43:40.901349,11552.212,4.180886
2013-04-30 10:13:06.426323,11542.668,4.1767054
2013-04-30 10:42:31.959946,11558.6875,4.1817975
2013-04-30 11:11:57.476303,11549.5205,4.1807666
2013-04-30 11:41:23.001310,11552.6455,4.1804013
2013-04-30 12:10:48.534969,11551.442,4.1795497
2013-04-30 12:40:14.051358,11555.689,4.181482
2013-04-30 13:09:39.576400,11551.702,4.179654
2013-04-30 13:39:05.110091,11553.097,4.1803966
2013-04-30 14:08:30.626516,11558.535,4.1818037
2013-04-30 14:37:56.151593,11553.807,4.181784
2013-04-30 15:07:21.685320,11554.045,4.1807656
2013-04-30 15:36:47.201780,11557.718,4.179835
2013-04-30 16:06:12.735530,11556.018,4.1788898
2013-04-30 16:35:38.252009,11559.653,4.180897
2013-04-30 17:05:03.777144,11562.484,4.180357
2013-04-30 17:34:29.310927,11560.685,4.178045
2013-04-30 18:03:54.827441,11558.606,4.18157
2013-04-30 18:33:20.352609,11550.203,4.1791286
2013-04-30 19:02:45.886427,11558.748,4.1775885
2013-04-30 19:32:11.411616,11553.51,4.180061
2013-04-30 20:01:36.936819,11556.425,4.1818595
2013-04-30 20:31:02.462030,11552.644,4.179298
2013-04-30 21:00:27.987255,11551.782,4.178018
2013-04-30 21:29:53.512488,11555.605,4.18156
2013-04-30 21:59:19.037733,11558.666,4.1805787
2013-04-30 22:28:44.562991,11553.222,4.1801667
2013-04-30 22:58:10.096899,11559.546,4.182666
2013-04-30 23:27:35.613540,11559.279,4.179831
2013-04-30 23:57:01.138830,11548.559,4.179711
2013-05-01 00:26:26.672774,11563.475,4.1820607
2013-05-01 00:55:52.189447,11554.559,4.1789794
2013-05-01 01:25:17.723413,11546.728,4.1789494
2013-05-01 01:54:43.248749,11563.851,4.1807933
2013-05-01 02:24:08.765455,11558.738,4.1817565
2013-05-01 02:53:34.299454,11551.649,4.1775637
2013-05-01 03:22:59.824825,11557.843,4.1798854
2013-05-01 03:52:25.341566,11558.73,4.179971
2013-05-01 04:21:50.875597,11551.838,4.180051
2013-05-01 04:51:16.401001,11553.662,4.1789665
2013-05-01 05:20:41.935055,11551.403,4.1808033
2013-05-01 05:50:07.451842,11557.431,4.1792583
2013-05-01 06:19:32.977278,11548.395,4.1803365
2013-05-01 06:48:58.511367,11558.165,4.181737
2013-05-01 07:18:24.028187,11557.423,4.1796103
2013-05-01 07:47:49.553656,11556.476,4.180593
2013-05-01 08:17:15.079138,11552.495,4.1810594
2013-05-01 08:46:40.604632,11559.732,4.181163
2013-05-01 09:16:06.130134,11557.831,4.1809998
2013-05-01 09:45:31.655651,11559.917,4.18025
2013-05-01 10:14:57.181176,11556.581,4.176903
2013-05-01 10:44:22.715353,11553.218,4.1792755
2013-05-01 11:13:48.240902,11561.402,4.180711
2013-05-01 11:43:13.757820,11554.224,4.180361
2013-05-01 12:12:39.292032,11552.405,4.180905
2013-05-01 12:42:04.817612,11558.35,4.176921
2013-05-01 13:11:30.334564,11552.023,4.1794624
2013-05-01 13:40:55.868810,11554.173,4.1798563
2013-05-01 14:10:21.394424,11559.539,4.180505
2013-05-01 14:39:46.928690,11559.066,4.1809206
2013-05-01 15:09:12.445688,11550.41,4.177615
2013-05-01 15:38:37.971335,11557.003,4.1791205
2013-05-01 16:08:03.505633,11556.128,4.18037
2013-05-01 16:37:29.022664,11555.413,4.179837
2013-05-01 17:06:54.548344,11552.492,4.177971
2013-05-01 17:36:20.082677,11548.412,4.17851
2013-05-01 18:05:45.599738,11558.148,4.181281
2013-05-01 18:35:11.125453,11551.085,4.179092
2013-05-01 19:04:36.659817,11547.764,4.179629
2013-05-01 19:34:02.176913,11560.125,4.1790495
2013-05-01 20:03:27.711298,11566.91,4.1823897
2013-05-01 20:32:53.237057,11555.146,4.180009
2013-05-01 21:02:18.762825,11559.276,4.1798296
2013-05-01 21:31:44.288606,11551.977,4.178173
2013-05-01 22:01:09.814395,11553.973,4.1788325
2013-05-01 22:30:35.340196,11562.269,4.177318
2013-05-01 23:00:00.866010,11554.289,4.1770325
2013-05-01 23:29:26.391834,11555.861,4.1762767
2013-05-01 23:58:51.917668,11562.78,4.1797614
2013-05-02 00:28:17.443511,11546.062,4.1783895
2013-05-02 00:57:42.969368,11554.483,4.177782
2013-05-02 01:27:08.495235,11551.151,4.1706266
2013-05-02 01:56:34.021113,11550.511,4.1744223
2013-05-07 07:58:53.913780,11542.31,4.129358
2013-05-07 08:28:19.450845,11534.074,4.110441
2013-05-07 08:57:44.970638,11538.312,4.1265445
2013-05-07 09:27:10.507721,11539.959,4.126271
2013-05-07 09:56:36.036172,11532.772,4.124399
2013-05-07 10:26:01.555992,11531.8955,4.1245065
2013-05-07 10:55:27.093101,11541.968,4.127601
2013-05-07 11:24:52.621578,11535.159,4.1269374
2013-05-07 11:54:18.150065,11536.973,4.125767
2013-05-07 12:23:43.678560,11539.465,4.1240463
2013-05-07 12:53:09.207065,11546.018,4.128497
2013-05-07 13:22:34.744218,11544.979,4.1317253
2013-05-07 13:52:00.272740,11537.331,4.1327333
2013-05-07 14:21:25.792630,11539.366,4.1321325
2013-05-07 14:50:51.329810,11534.206,4.1333814
2013-05-07 15:20:16.858358,11546.502,4.136369
2013-05-07 15:49:42.378274,11548.551,4.1327906
2013-05-07 16:19:07.915481,11543.02,4.1385236
2013-05-07 16:48:33.444054,11545.4795,4.137623
2013-05-07 17:17:58.972638,11535.566,4.1364665
2013-05-07 17:47:24.501230,11536.641,4.139319
2013-05-07 18:16:50.021190,11544.326,4.1391144
2013-05-07 18:46:15.558440,11544.025,4.1408176
2013-05-07 19:15:41.087058,11545.895,4.1417527
2013-05-07 19:45:06.607043,11535.661,4.1420817
2013-05-07 20:14:32.144320,11542.734,4.1438637
2013-05-07 20:43:57.672964,11545.106,4.1452813
2013-05-07 21:13:23.210257,11542.744,4.143868
2013-05-07 21:42:48.730278,11539.129,4.146708
2013-05-07 22:12:14.258948,11539.522,4.146029
2013-05-07 22:41:39.796267,11540.055,4.14644
2013-05-07 23:11:05.316314,11548.554,4.149732
2013-05-08 00:09:56.382355,11546.596,4.152353
2013-05-08 00:39:21.902428,11544.435,4.1507897
2013-05-08 01:08:47.439790,11544.238,4.1524224
2013-05-08 01:38:12.968520,11538.789,4.1523814
2013-05-08 02:07:38.497260,11554.031,4.15447
2013-05-08 02:37:04.026007,11544.348,4.1534977
2013-05-08 03:06:29.554764,11544.639,4.1566987
2013-05-08 03:35:55.083528,11540.062,4.156374
2013-05-08 04:05:20.612302,11548.12,4.1574273
2013-05-08 04:34:46.141083,11552.23,4.1595716
2013-05-08 05:04:11.678515,11547.752,4.158742
2013-05-08 05:33:37.198673,11550.428,4.1594005
2013-05-08 06:03:02.727481,11549.443,4.1600523
2013-05-08 06:32:28.264937,11543.403,4.1591463
2013-05-08 07:01:53.793762,11540.926,4.159884
2013-05-08 07:31:19.313954,11546.277,4.1606865
2013-05-08 08:00:44.851437,11549.582,4.162652
2013-05-08 08:30:10.371646,11545.55,4.161651
2013-05-08 08:59:35.909145,11545.034,4.1627584
2013-05-08 09:29:01.438013,11541.723,4.1628976
2013-05-08 09:58:26.958247,11541.683,4.162886
2013-05-08 10:27:52.495772,11545.471,4.1638193
2013-05-08 10:57:18.024665,11545.016,4.1656637
2013-05-08 11:26:43.544925,11551.769,4.1660647
2013-05-08 11:56:09.082475,11549.974,4.1662006
2013-05-08 12:25:34.611393,11547.156,4.165948
2013-05-08 12:55:00.131678,11546.37,4.1669173
2013-05-08 13:24:25.669253,11547.808,4.1656575
2013-05-08 13:53:51.198197,11543.827,4.1661496
2013-05-08 14:23:16.735788,11552.445,4.1673584
2013-05-08 14:52:42.256108,11552.543,4.167942
2013-05-08 15:22:07.785076,11554.058,4.168819
2013-05-08 15:51:33.322693,11551.1,4.167639
2013-05-08 16:20:58.843038,11551.801,4.16863
2013-05-08 16:50:24.372031,11548.11,4.16877
2013-05-08 17:19:49.909673,11551.352,4.169282
2013-05-08 17:49:15.430043,11551.0,4.1695323
2013-05-08 18:18:40.967701,11546.051,4.169044
2013-05-08 18:48:06.496728,11552.543,4.169556
2013-05-08 19:17:32.025764,11553.948,4.170462
2013-05-08 19:46:57.554807,11548.041,4.169629
2013-05-08 20:16:23.083859,11556.509,4.1703477
2013-05-08 20:45:48.612919,11552.255,4.1710687
2013-05-08 21:15:14.141987,11551.006,4.1698217
2013-05-08 21:44:39.671064,11547.608,4.1708817
2013-05-08 22:14:05.200149,11548.402,4.170592
2013-05-08 22:43:30.737882,11552.885,4.1710258
2013-05-08 23:12:56.258344,11551.427,4.171306
2013-05-08 23:42:21.796094,11546.434,4.170965
2013-05-09 00:11:47.316571,11548.026,4.1695986
2013-05-09 00:41:12.845697,11557.418,4.1722527
2013-05-09 01:10:38.383473,11542.276,4.169385
2013-05-09 01:40:03.903975,11551.904,4.170926
2013-05-09 02:09:29.433125,11558.094,4.170762
2013-05-09 02:38:54.970924,11545.557,4.170509
2013-05-09 03:08:20.491451,11553.25,4.17186
2013-05-09 03:37:46.029267,11556.728,4.1717734
2013-05-09 04:07:11.558450,11556.875,4.170759
2013-05-09 04:36:37.079003,11551.218,4.169884
2013-05-09 05:06:02.616842,11554.679,4.1711473
2013-05-09 05:35:28.146051,11554.448,4.1703715
2013-05-09 06:04:53.666626,11549.88,4.170164
2013-05-09 06:34:19.204492,11548.972,4.170607
2013-05-09 07:03:44.733724,11541.454,4.1697
2013-05-09 07:33:10.262964,11546.875,4.170585
2013-05-09 08:02:35.792213,11552.105,4.171308
2013-05-09 08:32:01.321471,11547.249,4.1715336
2013-05-09 09:01:26.859375,11546.569,4.170534
2013-05-09 09:30:52.380009,11556.384,4.17074
2013-05-09 10:00:17.909290,11553.762,4.171631
2013-05-09 10:29:43.447219,11546.016,4.168174
2013-05-09 10:59:08.976517,11552.214,4.17215
2013-05-09 11:28:34.497182,11554.685,4.1703267
2013-05-09 11:58:00.035136,11546.51,4.1702676
2013-05-09 12:27:25.564457,11550.946,4.170453
2013-05-09 12:56:51.085147,11564.291,4.1711144
2013-05-09 13:26:16.623124,11556.251,4.1703343
2013-05-09 13:55:42.152470,11550.882,4.1695023
2013-05-09 14:25:07.690463,11550.118,4.167382
2013-05-09 14:54:33.211185,11552.79,4.1711397
2013-05-09 15:23:58.740555,11559.278,4.1713686
2013-05-09 15:53:24.269933,11552.331,4.171695
2013-05-09 16:22:49.799318,11555.235,4.169304
2013-05-09 16:52:15.320072,11557.739,4.169684
2013-05-09 17:21:40.858114,11546.455,4.1693373
2013-05-09 17:51:06.387523,11553.595,4.169476
2013-05-09 18:20:31.925581,11549.254,4.1694026
2013-05-09 18:49:57.446367,11548.024,4.170336
2013-05-09 19:19:22.975800,11548.598,4.169238
2013-05-09 19:48:48.513882,11552.525,4.167145
2013-05-09 20:18:14.034691,11545.323,4.1677074
2013-05-09 20:47:39.564147,11548.024,4.1678677
2013-05-09 21:17:05.102254,11547.9795,4.168829
2013-05-09 21:46:30.623086,11558.498,4.1690526
2013-05-09 22:15:56.152567,11552.141,4.168112
2013-05-09 22:45:21.690696,11556.154,4.1705585
2013-05-09 23:14:47.220193,11553.884,4.168174
2013-05-09 23:44:12.749698,11550.041,4.166048
2013-05-10 00:13:38.279211,11546.791,4.165167
2013-05-10 00:43:03.808731,11551.713,4.168296
2013-05-10 01:12:29.338259,11549.864,4.167383
2013-05-10 01:41:54.867794,11553.757,4.168309
2013-05-10 02:11:20.397339,11546.579,4.1659713
2013-05-10 02:40:45.935531,11550.729,4.164108
2013-05-10 03:10:11.456449,11550.903,4.167891
2013-05-10 03:39:36.986018,11550.042,4.165948
2013-05-10 04:09:02.524232,11550.108,4.164746
2013-05-10 04:38:28.045175,11550.238,4.1662273
2013-05-10 05:07:53.583406,11555.669,4.1660485
2013-05-10 05:37:19.113005,11551.861,4.1657557
2013-05-10 06:06:44.633970,11557.71,4.1671767
2013-05-10 06:36:10.172225,11552.87,4.1677036
2013-05-10 07:05:35.701846,11559.166,4.1663256
2013-05-10 07:35:01.222836,11554.06,4.1669354
2013-05-10 08:33:52.282118,11544.404,4.1657166
2013-05-10 09:03:17.820411,11555.511,4.1671915
2013-05-10 09:32:43.350071,11551.171,4.165576
2013-05-10 10:02:08.871099,11557.964,4.1653657
2013-05-10 10:31:34.409415,11551.176,4.1642113
2013-05-10 11:00:59.939098,11562.426,4.167622
2013-05-10 11:30:25.460149,11557.235,4.1646504
2013-05-10 11:59:50.998489,11552.464,4.164468
2013-05-10 12:29:16.528194,11562.635,4.166773
2013-05-10 12:58:42.057909,11551.465,4.165521
2013-05-10 13:28:07.587631,11562.132,4.1639004
2013-05-10 13:57:33.117360,11563.911,4.165265
2013-05-10 14:26:58.655738,11554.31,4.163504
2013-05-10 14:56:24.176843,11558.844,4.1676974
2013-05-10 15:25:49.706594,11558.692,4.1653624
2013-05-10 15:55:15.244994,11551.843,4.1659026
2013-05-10 16:24:40.774763,11564.42,4.1645017
2013-05-10 16:54:06.295897,11558.316,4.163956
2013-05-10 17:23:31.834321,11551.561,4.1618834
2013-05-10 17:52:57.364111,11555.744,4.161082
2013-05-10 18:22:22.885269,11553.723,4.162602
2013-05-10 18:51:48.423714,11558.384,4.1653457
2013-05-10 19:21:13.953527,11549.387,4.1622796
2013-05-10 19:50:39.491988,11557.299,4.1637716
2013-05-10 20:20:05.013177,11556.619,4.1615934
2013-05-10 20:49:30.543012,11553.803,4.163384
2013-05-10 21:18:56.081496,11553.973,4.1649346
2013-05-10 21:48:21.602706,11552.15,4.164111
2013-05-10 22:17:47.132563,11552.583,4.1662965
2013-05-10 22:47:12.662430,11552.24,4.1630745
2013-05-10 23:16:38.192303,11554.462,4.1648154
2013-05-10 23:46:03.730824,11555.349,4.164649
2013-05-11 00:15:29.252072,11556.405,4.164633
2013-05-11 00:44:54.781968,11554.156,4.1649504
2013-05-11 01:14:20.320511,11557.039,4.1617093
2013-05-11 01:43:45.841781,11559.62,4.16122
2013-05-11 02:13:11.371699,11556.975,4.1651573
2013-05-11 02:42:36.910264,11549.544,4.163793
2013-05-11 03:12:02.431558,11536.075,4.162316
2013-05-11 03:41:27.961498,11536.101,4.1595554
2013-05-11 04:10:53.500086,11535.685,4.1626725
2013-05-11 04:40:19.030041,11539.012,4.1601105
2013-05-11 05:09:44.560004,11536.518,4.1632676
2013-05-11 05:39:10.089973,11532.533,4.1609864
2013-05-11 06:08:35.619951,11533.885,4.162018
2013-05-11 06:38:01.149936,11531.964,4.16098
2013-05-11 07:07:26.679928,11528.358,4.155796
2013-05-11 07:36:52.209927,11540.53,4.1602526
2013-05-11 08:06:17.748574,11540.577,4.1604767
2013-05-11 08:35:43.269948,11545.504,4.163211
2013-05-11 09:05:08.799970,11550.618,4.162987
2013-05-11 09:34:34.338639,11558.551,4.160977
2013-05-11 10:03:59.860035,11547.861,4.161271
2013-05-11 10:33:25.398719,11562.069,4.1652355
2013-05-11 11:02:50.928770,11561.489,4.1626844
2013-05-11 11:32:16.450188,11548.338,4.164357
2013-05-11 12:01:41.988893,11548.508,4.163957
