time,flux,flux_err
1559.225843395041,,
1559.2462772688523,124480.23,11.433173
1559.2667112427807,124477.91,11.448822
1559.287145317052,124467.59,11.451035
1559.3075791914453,124481.86,11.443639
1559.3280131660722,124505.26,11.441435
1559.3484472409255,124487.59,11.4556875
1559.3688811159009,124454.23,11.446219
1559.389315191227,124497.65,11.440822
1559.409749166778,124482.484,11.4444475
1559.4301831424527,124475.445,11.454527
1559.4506171183602,124498.92,11.455498
1559.4710510944933,124467.17,11.454058
1559.4914850708665,124456.29,11.446909
1559.5119190474725,124464.59,11.462805
1559.532353024304,124467.67,11.474413
1559.5527870013757,124490.38,11.469306
1559.5732209785638,124482.79,11.456308
1559.5936549560938,124469.13,11.464388
1559.6140889337476,124482.234,11.457955
1559.6345229116341,124491.016,11.466602
1559.6549568897462,124475.55,11.4802475
1559.6753909680992,124467.41,11.46293
1559.6958248466835,124464.9,11.476602
1559.7162588253777,124484.92,11.473267
1559.7366929044292,124461.45,11.456043
1559.7571267835956,124463.01,11.471943
1559.777560862989,124472.555,11.478905
1559.7979948426218,124488.19,11.487623
1559.8184287224867,124455.65,11.486301
1559.8388628025787,124445.36,11.48487
1559.85929678291,124454.23,11.478418
1559.879730663357,124468.73,11.49123
1559.9001647441473,124377.305,11.487094
1559.9205987250607,122712.586,11.426343
1559.9410328062004,119157.67,11.328486
1559.9614666875786,117396.96,11.25978
1559.9819006691905,116988.95,11.264264
1560.0023347510287,116817.24,11.253127
1560.022768632989,116832.05,11.267439
1560.0432026152994,117078.875,11.26931
1560.0636366977196,117828.3,11.289581
1560.0840705803785,120793.4,11.379454
1560.104504663388,123881.86,11.473603
1560.1249386463896,124449.64,11.48579
1560.145372529747,124466.72,11.489356
1560.1658066133386,124449.75,11.492138
1560.1862405970387,124453.08,11.49275
1560.2066744810945,124449.45,11.492693
1560.2271085652683,124455.664,11.488343
1560.2475425496668,124496.36,11.498696
1560.2679764343047,124486.12,11.499926
1560.288410519177,124489.48,11.495834
1560.3088445041576,124458.086,11.496984
1560.3292784894948,124469.47,11.493548
1560.3497124749483,124487.46,11.498303
1560.3701464606274,124469.44,11.502808
1560.3905805465474,124459.414,11.491802
1560.4110144326987,124476.516,11.492998
1560.4314484190763,124477.81,11.504454
1560.4518825056948,124482.4,11.497903
1560.4723163924282,124473.19,11.497843
1560.4927504793886,124486.01,11.496431
1560.5131844665884,124473.65,11.498175
1560.5336183540203,124496.4,11.496293
1560.5540524416792,124503.516,11.505527
1560.5744864295775,124502.59,11.490805
1560.5949203177079,124492.6,11.503559
1560.615354405949,124502.09,11.500438
1560.6357883944293,124501.96,11.500664
1560.6562223831424,124524.06,11.505253
1560.6766563720812,124522.22,11.504705
1560.69709036126,124534.83,11.504946
1560.7379583401926,124509.414,11.506346
1560.7583923299535,124528.38,11.509474
1560.7788264200572,124519.85,11.50244
1560.799260310283,124530.11,11.501831
1560.8196943007424,124528.484,11.508101
1560.8401283913117,124579.234,11.500123
1560.962732339758,124555.45,11.457835
1560.983166231963,124597.02,11.501187
1561.0036003242858,124641.04,11.484865
1561.0240343169498,124537.92,11.510753
1561.0444684097383,124564.57,11.508918
1561.0649023027581,124558.91,11.5049515
1561.0853362958878,124578.086,11.509228
1561.1057703893748,124554.39,11.504316
1561.126204283093,124551.93,11.513224
1561.1466382769213,124583.85,11.505904
1561.1670723709904,124594.66,11.513224
1561.1875062652907,124581.5,11.493202
1561.2079402598174,124571.87,11.506982
1561.2283743544685,124592.305,11.516265
1561.2488082494674,124591.375,11.512168
1561.269242344577,124560.33,11.513154
1561.2896763400422,124595.12,11.5189
1561.310110335624,124568.69,11.515124
1561.3305443313147,124560.9,11.519071
1561.350978327362,124560.25,11.51724
1561.3714123235259,124597.97,11.518063
1561.3918463200316,124541.7,11.515957
1561.412280316661,124557.516,11.518497
1561.4327144135168,124534.65,11.518083
1561.4531483106111,124560.0,11.514838
1561.4735823078227,124612.695,11.519391
1561.4940163053834,124646.5,11.519379
1561.5144503030533,124561.77,11.517482
1561.5348843009633,124599.05,11.519591
1561.5553183990996,124605.1,11.51697
1561.5757522974745,124593.87,11.515125
1561.596186296083,124582.11,11.52046
1561.6166203948087,124570.375,11.517611
1561.6370542937584,124609.805,11.520942
1561.6574883929497,124590.375,11.521233
1561.6779223923659,124572.85,11.518829
1561.6983562920213,124600.2,11.519969
1561.7187903917948,124562.414,11.518621
1561.7392243919167,124590.77,11.51705
1561.759658292147,124576.336,11.517926
1561.7800923926188,124564.51,11.519583
1561.8005263933155,124554.05,11.517519
1561.8209604941367,124562.46,11.521574
1561.8413943953055,124583.805,11.519458
1561.8618283965916,124565.58,11.520908
1561.882262498104,124583.08,11.520544
1561.902696399855,124577.4,11.5217705
1561.9231304018322,124571.51,11.520382
1561.9435645040503,124592.97,11.517648
1561.9639984063833,124590.79,11.518459
1561.98443240895,124572.63,11.519887
1562.0048665117429,124536.76,11.516171
1562.0253005147752,124567.04,11.518432
1562.045734518033,124553.125,11.516761
1562.0661685214145,124558.336,11.516922
1562.086602425028,124569.8,11.51732
1562.1070365289852,124588.305,11.515532
1562.1274705329488,124567.82,11.517111
1562.1479044372609,124573.46,11.518025
1562.1683385418,124580.55,11.511094
1562.1887725464621,124547.375,11.517896
1562.2092066513578,124585.44,11.518471
1562.2296405564775,124562.65,11.510833
1562.2500745618381,124585.73,11.514228
1562.2705086674323,124563.555,11.517758
1562.290942573134,124548.2,11.512102
1562.3113765790768,124558.77,11.508304
1562.331810685253,124545.26,11.513092
1562.3522445916533,124567.67,11.516674
1562.3726786982952,124597.984,11.512501
1562.3931127050528,124580.69,11.510614
1562.4135466120351,124565.63,11.514932
1562.4339807192591,124534.87,11.515142
1562.4544147267152,124552.49,11.514381
1562.474848634396,124590.805,11.511662
1562.495282742202,124544.305,11.514841
1562.5157167503567,124549.6,11.514619
1562.5361507586204,124544.35,11.522163
1562.5565847671241,124530.195,11.513995
1562.5770187757444,124532.5,11.5180855
1562.5974528847073,124538.98,11.508843
1562.6178867937924,124551.016,11.518209
1562.6383208031111,124554.695,11.514354
1562.6587549126561,124526.48,11.513537
1562.6791889224405,124522.07,11.500273
1562.6996228323405,124543.38,11.510383
1562.720056942584,124528.34,11.519153
1562.7404908529497,124521.61,11.513094
1562.7609249635425,124529.13,11.5107355
1562.7813589742582,124541.125,11.51177
1562.8017928853224,124550.05,11.500851
1562.8222269965045,124516.31,11.509748
1562.8426610079114,124527.55,11.515805
1562.8630949195576,124487.414,11.512421
1562.883529031431,124365.51,11.506496
1562.9039630434272,124368.95,11.508667
1562.924396955772,124358.47,11.506862
1562.9448310682346,124345.39,11.501011
1562.965265080922,124366.086,11.507726
1562.985699193734,124353.8,11.496372
1563.0061331068864,124374.164,11.503664
1563.0265671201632,124392.11,11.511908
1563.0470012336737,124466.15,11.506877
1563.0674351474154,124501.805,11.513259
1563.087869161267,124525.84,11.512658
1563.108303275476,124536.734,11.510282
1563.1287371897924,124504.02,11.508197
1563.1491713043506,124502.01,11.512892
1563.1696053191408,124535.95,11.51048
1563.1900393340402,124516.27,11.504774
1563.210473349296,124513.31,11.508837
1563.2309073646684,124514.625,11.513149
1563.2513413802662,124515.27,11.511433
1563.2717753959878,124528.06,11.511188
1563.2922094120586,124538.766,11.505227
1563.3126434282385,124501.61,11.497615
1563.3330775446593,124520.0,11.507269
1563.3535114613114,124513.125,11.51163
1563.3739454781899,124511.03,11.5135145
1563.394379495192,124503.586,11.515551
1563.414813512427,124526.81,11.506737
1563.4352476298882,124519.22,11.505404
1563.455681547588,124525.61,11.507796
1563.476115565405,124503.32,11.508086
1563.4965496835648,124499.445,11.51444
1563.5169836018467,124511.87,11.513656
1563.537417720363,124527.125,11.49627
1563.5578517389877,124530.49,11.505911
1563.578285657968,124532.14,11.514047
1563.5987197770592,124518.734,11.518795
1563.6191537963896,124528.65,11.513704
1563.639587715952,124492.805,11.502268
1563.6600218356907,124518.234,11.511086
1563.6804558556541,124509.86,11.508416
1563.7213238961704,124531.375,11.516569
1563.7417579167231,124549.84,11.508592
1563.7621920375095,124518.77,11.510349
1563.782625958469,124546.81,11.51564
1563.8030599796548,124546.055,11.511061
1563.8234941010815,124532.08,11.51182
1563.8439281226747,124556.95,11.510951
1563.864362044449,124551.52,11.509095
1563.884796166516,124535.57,11.514585
1563.9052301886913,124549.17,11.504782
1563.9256642111068,124530.34,11.513313
1563.946098233755,124535.04,11.512098
1563.9665322566289,124546.89,11.512025
1563.9869662796264,124566.77,11.51187
1564.007400302915,124540.836,11.514545
1564.0278343263708,124553.76,11.513952
1564.0482683500086,124542.89,11.507454
1564.0687023738792,124550.22,11.512821
1564.0891364979761,124541.805,11.510308
1564.1095704222535,124576.734,11.525892
1564.1300044467062,124563.48,11.509162
1564.1504385713852,124537.89,11.515368
1564.1708724963028,124560.016,11.512533
1564.1913065213957,124535.055,11.513987
1564.211740646715,124573.055,11.518775
1564.2321745722147,124547.31,11.511723
1564.252608597948,124513.0,11.513452
1564.2730427238494,124543.63,11.509499
1564.2934766499893,124550.38,11.511537
1564.3139107763054,124550.18,11.518488
1564.3343448028463,124567.234,11.51747
1564.3547787295684,124549.945,11.519011
1564.3752128565247,124599.664,11.5118065
1564.395646883706,124580.39,11.51126
1564.416080911069,124549.06,11.519095
1564.4365149386067,124570.445,11.510869
1564.45694896637,124584.516,11.518346
1564.4773830943159,124555.21,11.51444
1564.4978171224939,124572.555,11.514395
1564.5182510508967,124573.66,11.5181
1564.5386851794829,124551.1,11.512418
1564.5591192082356,124567.16,11.511154
1564.5795531372278,124554.39,11.517818
1564.5999872664543,124568.32,11.515152
1564.6204212958546,124581.83,11.511501
1564.6408552254215,124560.43,11.518993
1564.66128935523,124558.46,11.52366
1564.68172328527,124595.6,11.517786
1564.7021574154787,124549.35,11.516299
1564.7225914459268,124565.15,11.508826
1564.7430253765488,124565.85,11.511306
1564.7634595073396,124551.94,11.520708
1564.7838935383697,124573.195,11.514976
1564.804327469632,124530.664,11.514477
1564.824761601063,124525.69,11.514816
1564.8451956326753,124543.8,11.51303
1564.865629764572,124543.445,11.510285
1564.886063696591,124522.98,11.516346
1564.9064977288435,124535.09,11.519195
1564.9269318613224,124559.71,11.519781
1564.9473657939816,124523.62,11.519885
1564.9677998268162,124529.92,11.522269
1564.988233959877,124560.74,11.517972
1565.0086678931184,124557.1,11.518031
1565.0291019266515,124552.07,11.518729
1565.0495360602945,124539.1,11.521491
1565.0699700941768,124552.35,11.520442
1565.0904041282338,124547.96,11.51285
1565.1108381625163,124531.53,11.515705
1565.131272197039,124568.53,11.516569
1565.151706231678,124536.15,11.516073
1565.1721402666008,124528.22,11.511838
1565.1925743017055,124535.445,11.514976
1565.2130084369855,124528.91,11.515786
1565.2334423724897,124539.97,11.517738
1565.2538765081772,124544.72,11.519426
1565.2743105440968,124518.91,11.516725
1565.294744480183,124533.72,11.518989
1565.3151786165108,124519.81,11.516252
1565.3356125530117,124573.42,11.518149
1565.3560465896808,124530.195,11.52407
1565.3764807265907,124543.4,11.519624
1565.3969146637319,124504.67,11.520532
1565.4173487010412,124536.13,11.519902
1565.4377828385914,124535.6,11.517739
1565.4582167763147,124539.625,11.519404
1565.4786509142068,124520.45,11.517811
1565.4990849523383,124512.625,11.520913
1565.5195188906437,124492.22,11.520396
1565.539953029176,124522.445,11.515419
1565.5603870678897,124512.48,11.523256
1565.580821106836,124547.51,11.520087
1565.6012551459498,124486.1,11.514927
1565.6216891853037,124543.7,11.523591
1565.6421233248257,124531.89,11.51906
1565.6625572645862,124522.13,11.523961
1565.6829913045221,124540.16,11.519134
1565.7034254446335,124547.76,11.517439
1565.7238594849696,124524.43,11.514898
1565.7442934254868,124518.96,11.517827
1565.7647275662312,124529.164,11.519811
1565.7851616071566,124460.57,11.517085
1565.805595648315,123379.61,11.485254
1565.8260296896478,119957.266,11.385787
1565.8464637312063,117602.56,11.312132
1565.8668978729474,117080.984,11.295668
1565.8873318148544,116883.195,11.286901
1565.9077658570022,116874.82,11.290479
1565.9281999993837,117099.26,11.297525
1565.948633941931,117637.26,11.311109
1565.9690679846608,120040.586,11.386698
1565.9895020276235,123477.875,11.485657
1566.0099360707536,124548.59,11.521588
1566.0303702140664,124530.05,11.516144
1566.0508041576104,124548.68,11.519168
1566.0712382013808,124520.516,11.513983
1566.0916723453338,124518.766,11.514854
1566.11210628946,124532.78,11.520653
1566.1325403338124,124500.734,11.520003
1566.1529744783475,124495.61,11.5187235
1566.1734084230557,124506.13,11.517663
1566.1938425680491,124522.21,11.516604
1566.2142766131656,124534.98,11.518435
1566.234710558514,124553.35,11.516455
1566.2551447040314,124551.82,11.515601
1566.275578749788,124549.81,11.521637
1566.2960127957194,124546.234,11.518127
1566.3164468418763,124562.85,11.513233
1566.336880888215,124544.04,11.516532
1566.3573149347285,124548.016,11.514065
1566.3777490814682,124558.77,11.521124
1566.3981830283883,124539.32,11.519864
1566.4186171755427,124549.555,11.517744
1566.4390512228638,124542.91,11.51492
1566.4594851704242,124570.84,11.516369
1566.4799193181534,124541.35,11.511977
1566.5003533660638,124553.74,11.51698
1566.5207873142062,124583.57,11.515088
1566.5412214625248,124542.35,11.506246
1566.56165551101,124566.46,11.518081
1566.5820895597353,124552.24,11.518963
1566.6025236086862,124561.76,11.518025
1566.62295755776,124586.54,11.518257
1566.6433917071263,124587.55,11.519859
1566.6638257566083,124545.46,11.515435
1566.7046938562635,124613.56,11.514021
1566.7251279063203,124577.945,11.515565
1566.7455619566754,124593.16,11.519044
1566.765996007147,124593.336,11.51566
1566.7864300578512,124582.35,11.513735
1566.806864208782,124583.875,11.513016
1566.827298159893,124575.73,11.513391
1566.8477322111721,124572.83,11.513399
1566.8681663626921,124584.12,11.520719
1566.888600414386,124591.57,11.522743
1566.9090343662538,124603.055,11.520161
1566.9294685183486,124591.484,11.52128
1566.9499025706245,124612.79,11.521108
1566.9703366230679,124601.734,11.5203905
1566.9907706757513,124588.68,11.511681
1567.0112047286093,124588.01,11.518465
1567.031638781693,124575.38,11.520733
1567.0520728349584,124605.59,11.520515
1567.0725068884567,124597.24,11.511625
1567.0929410421231,124615.89,11.516755
1567.11337499597,124574.87,11.515361
1567.133809150051,124600.66,11.511001
1567.1542432042988,124605.62,11.520144
1567.1746771587277,124604.65,11.519435
1567.195111313391,124624.63,11.514409
1567.2155453682208,124624.61,11.513359
1567.23597932329,124611.09,11.5192585
1567.256413478477,124614.734,11.514431
1567.2768474339464,124599.07,11.515495
1567.2972814895402,124604.82,11.511849
1567.3177156453676,124590.85,11.515508
1567.338149601419,124607.81,11.517898
1567.3585837576538,124606.32,11.522008
1567.3790178140625,124587.51,11.516868
1567.3994517706378,124586.61,11.517188
1567.4198859274547,124589.14,11.514372
1567.4403199844455,124579.984,11.51455
1567.4607540416619,124603.34,11.523385
1567.48118809906,124601.164,11.510684
1567.501622156633,124585.01,11.511289
1567.5220563144321,124595.19,11.51939
1567.5424902724117,124606.5,11.519191
1567.5629243305666,124580.63,11.509474
1567.5833584889479,124609.49,11.518863
1567.6037925475102,124614.43,11.511554
1567.6242265062465,124589.055,11.524747
1567.6446606652098,124584.29,11.518862
1567.6650947243543,124572.75,11.511564
1567.6855286837308,124593.445,11.522789
1567.7059628432762,124575.58,11.517388
1567.7263969030028,124593.54,11.520652
1567.7468310629556,124608.57,11.522069
1567.7672650230306,124569.62,11.517624
1567.7876990833975,124587.42,11.511442
1567.8081332438742,124563.85,11.510965
1567.8285672045895,124578.16,11.52327
1567.8490012655384,124583.71,11.516226
1567.8694354265972,124569.53,11.51321
1567.8898693878946,124579.945,11.507495
1567.910303549368,124598.875,11.5158205
1567.9307375110657,124554.96,11.514924
1567.951171572946,124573.92,11.51744
1567.9716057350597,124589.72,11.517346
1567.9920396972884,124559.836,11.518367
1568.0124737597434,124574.26,11.514788
1568.0329079223811,124548.016,11.514969
1568.0533418852428,124571.484,11.5201845
1568.0737759482872,124549.88,11.508407
1568.0942101115652,124537.2,11.511026
1568.1146441749515,124553.664,11.512854
1568.135078238578,124541.086,11.504243
1568.155512302379,124571.39,11.513747
1568.1759463664057,124549.77,11.515324
1568.1963804306142,124555.45,11.514204
1568.2168144950556,124546.06,11.514493
1568.237248559606,124510.11,11.52182
1568.2576827243975,124536.19,11.516809
1568.278116689362,124540.62,11.51907
1568.2985508545535,124546.92,11.515128
1568.3189849199262,124550.59,11.511389
1568.3394188854727,124512.91,11.517907
1568.3598530512463,124524.23,11.516642
1568.380287117201,124528.695,11.508613
1568.4007210833297,124523.32,11.517726
1568.4211552496272,124518.99,11.521126
1568.441589316164,124517.4,11.514864
1568.4620232828747,124490.65,11.517202
1568.4824574498125,124509.44,11.51433
1568.5028915168732,124502.23,11.505429
1568.5233256841602,124494.805,11.511968
1568.5437596516858,124496.63,11.511313
1568.5641936193279,124497.67,11.510331
1568.5846277872042,124504.266,11.512393
1568.6050618553054,124518.49,11.516749
1568.6254959235303,124679.516,11.537998
1568.6459299919807,124509.305,11.517347
1568.666364060613,124512.48,11.510903
1568.6867982294789,124499.31,11.515858
1568.7072321984597,124518.36,11.50682
1568.7276662676668,124513.83,11.514979
1568.7481004371148,124464.89,11.509633
1568.7685345067293,124369.71,11.510379
1568.788968476525,124315.89,11.502085
1568.809402646497,124324.195,11.5066185
1568.8298367166353,124296.56,11.507166
1568.8502707870139,124311.914,11.510735
1568.870704857567,124297.58,11.508054
1568.8911389283458,124293.79,11.503699
1568.9115730993071,124330.42,11.507149
1568.9320070704416,124442.9,11.505776
1568.9524411417442,124472.51,11.512444
1568.9728753132295,124446.98,11.514659
1568.993309284946,124463.805,11.517311
1569.0137433568307,124438.914,11.504228
1569.0341775289562,124451.19,11.511999
1569.0546115012548,124470.13,11.50543
1569.0750456736641,124468.07,11.51049
1569.095479746371,124449.586,11.509203
1569.1159137191935,124467.35,11.512581
1569.136347892243,124470.73,11.50687
1569.1567819654738,124446.03,11.500957
1569.1772159389366,124452.37,11.515708
1569.19765011251,124474.32,11.512727
1569.218084086322,124470.27,11.517449
1569.2385182603102,124461.0,11.513539
1569.2589523345232,124435.14,11.5074215
1569.279386308859,124434.8,11.50267
1569.2998204834876,124453.07,11.505304
1569.3202545582244,124451.766,11.505856
1569.3406886331431,124444.05,11.506677
1569.3611227082947,124452.25,11.508672
1569.3815567836136,124435.76,11.507688
1569.4019908591144,124447.85,11.506824
1569.422424934848,124451.77,11.505081
1569.442859010749,124457.195,11.51078
1569.4632931868327,124441.39,11.500442
1569.483727263083,124442.17,11.502375
1569.5041612395726,124426.5,11.508645
1569.5245954162383,124478.12,11.50884
1569.545029493078,124417.75,11.513672
1569.565463470084,124444.64,11.509846
1569.5858976473319,124443.016,11.50196
1569.6063317247463,124493.56,11.508915
1569.6267659023433,124457.59,11.509068
1569.6471998801135,124454.734,11.514043
1569.688068136289,124468.125,11.516917
1569.7085021146413,124475.59,11.50861
1569.7289361931616,124481.46,11.512272
1569.7493703719229,124473.15,11.517213
1569.7698043508572,124457.75,11.503013
1569.7902384299668,124473.18,11.513023
1569.8106726092446,124459.79,11.506383
1569.831106588761,124477.83,11.511614
1569.8515407684463,124476.47,11.514159
1569.871974748312,124466.68,11.507626
1569.892408828353,124487.445,11.510527
1569.9128430086203,124461.48,11.513761
1569.9332769890098,124487.24,11.512708
1569.9537110696328,124472.7,11.510403
1569.974145250424,124467.9,11.506684
1569.9945793314546,124489.43,11.515563
1570.0150134126015,124477.5,11.515224
1570.035447493974,124499.125,11.509278
1570.0558815755867,124480.99,11.512624
1570.0763156573157,124465.086,11.510789
1570.0967497392703,124497.62,11.512324
1570.1171838213486,124483.02,11.521183
1570.1376180036605,124471.59,11.517746
1570.1580519861964,124463.06,11.516765
1570.1784861688575,124504.12,11.514746
1570.1989202517507,124486.06,11.51228
1570.2193542348105,124469.67,11.514837
1570.2397884180536,124501.43,11.5187845
1570.2602225014707,124495.68,11.5181265
1570.2806564851126,124469.05,11.51974
1570.3010906689378,124508.41,11.518457
1570.321524752937,124501.25,11.51751
1570.3419587371027,124479.27,11.513795
1570.3623929214518,124487.28,11.513439
1570.382827006033,124503.86,11.512293
1570.4032610907816,124513.44,11.516625
1570.423695175712,124479.85,11.517023
1570.4441292608171,124493.78,11.5175905
1570.4645633460896,124495.38,11.516702
1570.484997431602,124498.13,11.513174
1570.5054315172893,124489.76,11.516683
1570.5258656031438,124501.45,11.517202
1570.5462996891802,124507.945,11.516837
1570.5667338754429,124477.414,11.517926
1570.587167861886,124481.695,11.513808
1570.6076019484462,124478.61,11.518231
1570.6280361352983,124496.45,11.519477
1570.6484702222588,124471.9,11.514742
1570.6689042094004,124492.94,11.517029
1570.689338396769,124493.62,11.516709
1570.7097724843188,124498.07,11.517518
1570.7302064720425,124488.23,11.516583
1570.7506406599423,124510.29,11.517288
1570.7710747480087,124514.4,11.514044
1570.791508936316,124495.2,11.515149
1570.811942924789,124491.54,11.513863
1570.8323770134448,124484.46,11.517549
1570.852811202276,124492.1,11.513035
1570.8732451912801,124486.59,11.515689
1570.8936792805107,124508.055,11.517358
1570.914113469924,124495.82,11.518655
1570.9345474594447,124497.95,11.518566
1570.9549816492654,124471.13,11.509482
1570.9754157392017,124463.914,11.512547
1570.9958497293119,124487.87,11.517794
1571.0162839196491,124480.74,11.513618
1571.0367180101675,124479.88,11.515492
1571.0571520008525,124463.43,11.518487
1571.077586191721,124460.64,11.5119505
1571.0980202827632,124476.164,11.515029
1571.1184542740302,124474.96,11.5140505
1571.1388884654225,124489.02,11.517753
1571.1593225570468,124462.71,11.517135
1571.1797566488385,124458.19,11.515318
1571.200190740812,124474.61,11.515599
1571.2206248329603,124473.46,11.515965
1571.241058925334,124468.11,11.515868
1571.2614930178315,124480.01,11.518627
1571.2819271105618,124472.54,11.517954
1571.3023612034594,124457.32,11.512448
1571.322795296539,124475.26,11.517194
1571.343229489852,124485.64,11.51666
1571.3636635832736,124472.516,11.517783
1571.3840975769344,124443.85,11.51893
1571.404531770706,124442.33,11.518804
1571.4249658647168,124458.266,11.519112
1571.4453998589015,124442.586,11.512343
1571.4658340532624,124464.62,11.514795
1571.486268147848,124443.62,11.516863
1571.5067021425566,124490.81,11.515008
1571.5271363374923,124459.47,11.517334
1571.547570432609,124464.56,11.508566
1571.5680046279012,124473.19,11.518494
1571.5884386233665,124483.97,11.516248
1571.608872719,124495.3,11.518203
1571.6293069148742,124489.15,11.512789
1571.649740910856,124480.14,11.520516
1571.6701750070788,124465.97,11.520146
1571.690609203477,123849.41,11.501677
1571.71104319999,120741.49,11.404193
1571.73147739673,117825.97,11.316333
1571.7519114937095,117131.664,11.2979555
1571.7723454907973,116881.04,11.287972
1571.7927796880685,116847.2,11.292682
1571.8132137855719,117004.36,11.294942
1571.833647783249,117456.93,11.312146
1571.854081981095,119323.49,11.362856
1571.8745160791223,122865.5,11.464771
1571.894950077316,124468.484,11.509901
1571.9153842756932,124483.945,11.51934
1571.9358183742443,124515.7,11.519094
1571.9562525730216,124498.25,11.514789
1571.9766865719794,124503.18,11.515592
1571.9971206710543,124505.234,11.516474
1572.0175548703555,124526.984,11.518479
1572.0379888698371,124524.21,11.519182
1572.0584229694941,124533.16,11.51273
1572.0788571693192,124562.01,11.519846
1572.099291169383,124532.02,11.513156
1572.1197253695645,124566.664,11.509023
1572.140159469971,124561.04,11.521033
1572.1605934705003,124581.53,11.516977
1572.181027671264,124573.2,11.516108
1572.2014617721943,124594.73,11.522082
1572.2218957733057,124549.28,11.517675
1572.2423299745933,124535.055,11.516011
1572.2627640761057,124581.56,11.518327
1572.2831981777417,124599.51,11.518825
1572.3036322796106,124610.02,11.516133
1572.3240663815886,124576.22,11.517915
1572.3445004838068,124593.87,11.521738
1572.3649345861413,124577.59,11.516028
1572.3853686887014,124602.61,11.516176
1572.4058027914434,124574.766,11.520653
1572.42623689436,124590.54,11.513402
1572.446670997444,124614.66,11.518154
1572.467105100768,124617.71,11.517845
1572.4875392042086,124590.414,11.517966
1572.5079734078754,124614.55,11.521058
1572.5284075116651,124590.69,11.515595
1572.548841515687,124574.914,11.515276
1572.5692757198194,124569.836,11.516493
1572.5897098241912,124599.99,11.519816
1572.610143828737,124578.88,11.516249
1572.6305780334515,124606.87,11.521454
1572.671446143475,124631.76,11.516674
1572.6918803487133,124633.13,11.514363
1572.7123144541329,124645.984,11.519982
1572.7327486597787,124632.25,11.516177
1572.7531826655468,124608.87,11.51407
1572.7736167715484,124627.81,11.518953
1572.79405097766,124597.766,11.520717
1572.81448498401,124646.23,11.516757
1572.8349190905355,124630.75,11.517519
1572.8553532972292,124635.06,11.521094
1572.8757873041031,124621.44,11.522555
1572.8962215111533,124669.35,11.521172
1572.91665561837,124645.61,11.517619
1572.9370896257678,124632.586,11.520655
1572.9575238333418,124689.14,11.521814
1572.9779579410824,124645.5,11.520306
1572.998392049063,124639.48,11.520444
1573.0188261571602,124655.88,11.52152
1573.0392602654829,124669.42,11.51852
1573.0596942739285,124656.016,11.52237
1573.0801284826084,124676.44,11.522787
1573.100562591455,124649.63,11.516468
1573.1209967004834,124678.82,11.515345
1573.1414308096282,124682.766,11.524134
1573.1618649189986,124661.516,11.518589
1573.1822991285517,124656.76,11.522287
1573.2027331382778,124633.86,11.514365
1573.223167248172,124641.01,11.523167
1573.243601458249,124647.81,11.518928
1573.264035468499,124669.984,11.522776
1573.2844696789762,124671.195,11.52201
1573.3049037895762,124686.86,11.523746
1573.32533780035,124673.72,11.520415
1573.345772011351,124682.87,11.516427
1573.366206122475,124657.016,11.52518
1573.386640133831,124642.83,11.522128
1573.4070743452976,124661.49,11.521714
1573.4275084570036,124654.805,11.524442
1573.4479424688252,124643.125,11.516773
1573.468376680874,124663.0,11.520962
1573.4888107930456,124684.51,11.521977
1573.5092450054508,124671.66,11.520193
1573.5296790180219,124679.62,11.517452
1573.5501131307174,124682.95,11.519926
1573.5705473436392,124689.04,11.524656
1573.5909813567414,124672.35,11.522443
1573.611415470019,124689.9,11.523687
1573.631849683472,124659.93,11.527185
1573.6522837970915,124693.9,11.525753
1573.672717910893,124695.17,11.5254
1573.6931520248618,124669.266,11.5206785
1573.7135860390117,124666.45,11.52205
1573.7340202533378,124646.83,11.524967
1573.7544543678378,124661.43,11.524334
1573.7748883825043,124663.99,11.522642
1573.7953225973542,124700.56,11.525753
1573.8157567123708,124663.26,11.522506
1573.8361907276267,124649.48,11.525416
1573.8566249430005,124646.99,11.518584
1573.877059058541,124638.02,11.521773
1573.897493274264,124655.68,11.525565
1573.9179272901602,124659.62,11.51889
1573.9383614062826,124660.64,11.513604
1573.9587956225296,124654.1,11.52458
1573.9792296389496,124625.51,11.514404
1573.999663755596,124593.65,11.515231
1574.0200979723668,124593.61,11.51645
1574.0405319893107,124612.08,11.517468
1574.0609662064817,124625.74,11.517748
1574.0814003237756,124646.71,11.513732
1574.1018343412434,124615.625,11.5190525
1574.12226855888,124646.79,11.516441
1574.142702676756,124618.11,11.522768
1574.1631367947484,124618.19,11.521752
1574.1835709129082,124612.07,11.519299
1574.204005031308,124645.42,11.514026
1574.2244391498243,124626.43,11.522633
1574.2448732685662,124650.0,11.519583
1574.2653073874317,124643.984,11.5159
1574.2857415064718,124594.28,11.521486
1574.3061757257383,124617.01,11.521963
1574.326609745127,124608.305,11.520221
1574.347043864691,124621.016,11.523867
1574.3674779844805,124610.945,11.519976
1574.3879121043938,124602.234,11.5204935
1574.4083463244751,124598.03,11.521098
1574.4287803447369,124591.06,11.521682
1574.449214565233,124598.42,11.51894
1574.4696486858447,124601.086,11.521379
1574.490082706623,124595.6,11.5223
1574.5105169275848,124586.086,11.517517
1574.5309510487132,124600.12,11.523072
1574.5513850700809,124553.49,11.513748
1574.5718192915665,124575.69,11.515964
1574.592253413226,124575.5,11.520304
1574.6126876350536,124590.38,11.519401
1574.6331216570616,124584.51,11.520289
1574.6535557792376,124471.87,11.515208
1574.6739900015964,124393.49,11.517909
1574.6944240241282,124423.91,11.51328
1574.7148581468355,124366.74,11.511187
1574.7352923697108,124389.52,11.5056
1574.7557263927665,124373.81,11.50715
1574.7761605159903,124385.92,11.513764
1574.7965947393968,124417.53,11.504756
1574.8170288629772,124480.41,11.509236
1574.8374629866667,124541.92,11.515504
1574.8578971105962,124517.28,11.510291
1574.8783312347005,124553.1,11.514708
1574.8987653589138,124559.79,11.517292
1574.9191994833673,124558.22,11.519363
1574.9396336079953,124550.61,11.519884
1574.9600677327326,124550.36,11.515091
1574.98050185771,124531.72,11.518915
1575.0009359828036,124533.125,11.513147
1575.021370108123,124537.33,11.5166445
1575.041804233566,124560.23,11.514591
1575.0622384591843,124585.31,11.5172
1575.0826724850267,124521.86,11.519211
1575.1031066109936,124534.44,11.50914
1575.1235408371358,124563.586,11.517288
1575.1439748634439,124559.18,11.522167
1575.1644089899346,124551.734,11.514579
1575.1848432166007,124522.84,11.517281
1575.2052772434326,124551.06,11.51865
1575.225711470448,124558.03,11.517215
1575.2461455976372,124548.03,11.511308
1575.2665796249348,124554.62,11.511021
1575.287013852474,124562.52,11.512864
1575.3074479801871,124557.0,11.518132
1575.3278820080086,124566.45,11.510193
1575.3483162360717,124566.914,11.5085535
1575.3687503642504,124560.81,11.504888
1575.3891845926555,124571.38,11.520227
1575.4096186211827,124581.18,11.518314
1575.4300527498854,124581.94,11.516363
1575.450486978756,124574.01,11.512013
1575.470921107808,124565.086,11.5130205
1575.4913551370337,124539.71,11.510065
1575.5117893664865,124605.484,11.508205
1575.532223496004,124594.63,11.51726
1575.5526575257536,124592.48,11.516054
1575.573091755672,124578.88,11.512056
1575.5935258857135,124588.445,11.514644
1575.6139600159804,124551.445,11.514042
1575.6548281769938,124573.38,11.5218525
1575.6752624077344,124569.74,11.508646
1575.6956965386998,124535.98,11.511468
1575.7161305697882,124571.62,11.514333
1575.7365648010455,124559.695,11.512161
1575.7569989324838,124559.36,11.511166
1575.7774331640976,124575.06,11.513001
1575.7978671958263,124606.945,11.514253
1575.8183013277812,124591.414,11.516207
1575.8387355599189,124595.89,11.519887
1575.859169592164,124586.336,11.518959
1575.8796037246502,124596.016,11.515603
1575.9000379572535,124598.46,11.520645
1575.92047199003,124589.52,11.510851
1575.9409061229744,124580.82,11.518031
1575.9613403561016,124613.7,11.508683
1575.9817743893946,124632.25,11.522416
1576.002208622871,124578.414,11.519747
1576.0226427565212,124581.67,11.51753
1576.0430768902806,124606.125,11.511923
1576.0635110242802,124599.75,11.519485
1576.083945158396,124589.98,11.517911
1576.1043792926794,124603.41,11.517701
1576.1248134272028,124589.72,11.515723
1576.1452475618426,124549.25,11.515409
1576.1656816966497,124577.26,11.520096
1576.1861159316395,124583.35,11.514735
1576.2065499667442,124565.484,11.516825
1576.226984202076,124607.99,11.520543
1576.2474183375307,124584.445,11.5141
1576.2678523732175,124608.555,11.515876
1576.288286609015,124585.984,11.519939
1576.3087206449927,124606.37,11.514002
1576.329154781146,124615.234,11.521803
1576.3495890174672,124585.055,11.516345
1576.370023053969,124565.586,11.425518
1576.3904572906467,124573.44,11.51568
1576.410891427433,124560.734,11.513279
1576.4313254644585,124562.984,11.518478
1576.451759701602,124585.84,11.517809
1576.472193838912,124596.11,11.51584
1576.4926278764033,124581.39,11.511838
1576.5130621140706,124575.625,11.515597
1576.5334962519046,124576.91,11.511765
1576.5539303898622,124556.93,11.520151
1576.5743645280454,124548.28,11.517028
1576.5947986663523,124577.414,11.51334
1576.6152329048346,124572.25,11.516473
1576.63566694349,124566.51,11.5189085
1576.6561010823134,124570.664,11.513762
1576.6765353213195,124583.375,11.517321
1576.6969694604923,124587.1,11.516577
1576.717403499788,124577.37,11.513871
1576.737837739318,124563.85,11.519173
1576.7582718789563,124555.44,11.516992
1576.7787060187766,124523.805,11.512581
1576.7991401587715,124548.79,11.51296
1576.8195742989337,124538.234,11.515729
1576.8400085392204,124540.04,11.519981
1576.8604425797384,124543.8,11.515752
1576.8808767203664,124559.6,11.517025
1576.901310961177,124580.01,11.517505
1576.9217450021606,124567.97,11.518561
1576.9421791433124,124586.33,11.513169
1576.962613284646,124550.37,11.517882
1576.9830474260962,124552.11,11.515641
1577.0034816677726,124526.04,11.513991
1577.0239157095712,124518.875,11.511659
1577.0443498515451,124530.57,11.5141115
1577.0647840936872,124530.84,11.517911
1577.0852181360096,124546.79,11.516983
1577.1056522784493,124543.26,11.519386
1577.1260865211152,124529.64,11.513584
1577.1465205639033,124535.55,11.515192
1577.1669548068676,124515.8,11.516442
1577.1873889499984,124526.45,11.5175705
1577.2078229932522,124537.58,11.511945
1577.2282572367403,124513.6,11.512906
1577.2486913803368,124528.39,11.516156
1577.2691255241734,124496.54,11.51353
1577.2895596681265,124543.266,11.517237
1577.3099938121886,124524.96,11.512635
1577.330427956491,124509.33,11.517523
1577.3508622009685,124506.26,11.513411
1577.3712962455538,124509.73,11.515466
1577.3917304903225,124501.95,11.512436
1577.4121646352578,124521.35,11.510539
1577.4325986803742,124529.97,11.518332
1577.4530329256086,124514.07,11.514289
1577.473467071075,124517.766,11.513475
1577.4939011166498,124531.48,11.510877
1577.514335362408,124527.78,11.516588
1577.5347695083328,124536.98,11.518393
1577.5552036543813,124555.78,11.515742
1577.5756378006627,124232.26,11.504125
1577.5960718470596,121519.04,11.425476
1577.6165060936255,118247.74,11.324971
1577.6369402403725,117277.92,11.297065
1577.6573742872351,116994.18,11.289869
1577.6778085343249,116903.74,11.290009
1577.6982426815375,116988.63,11.290361
1577.7186768289248,117363.02,11.301471
1577.7391109764794,118701.43,11.339388
1577.759545124216,122174.01,11.4487505
1577.7799793720624,124404.29,11.511262
1577.8004134200892,124569.305,11.514856
1577.8208475682914,124543.89,11.513847
1577.8412818166616,124545.11,11.515088
1577.861715965213,124563.03,11.5140295
1577.8821500138802,124536.88,11.5135355
1577.9025842627161,124538.86,11.517506
1577.9230184117332,124527.44,11.516196
1577.943452560925,124563.63,11.511751
1577.963886710284,124548.02,11.514066
1577.9843208597667,124551.234,11.51328
1578.0047550094241,124555.65,11.518245
1578.0251891592488,124526.11,11.514926
1578.0456233092555,124535.88,11.515363
1578.0660575593793,124562.68,11.514441
1578.0864916096689,124540.19,11.51371
1578.1069257601412,124548.33,11.512365
1578.1273600107888,124532.016,11.514172
1578.1477940615441,124555.82,11.516621
1578.168228312541,124573.72,11.515483
1578.1886624636536,124568.0,11.5142975
1578.2090965149328,124574.69,11.514128
1578.2295307663371,124574.99,11.513029
1578.2499648179728,124569.45,11.516731
1578.2703989697184,124576.234,11.514034
1578.2908332216466,124572.23,11.511849
1578.3112672736897,124596.18,11.51549
1578.33170152596,124589.37,11.509014
1578.352135678353,124616.41,11.514521
1578.37256973092,124575.445,11.511872
1578.393003983656,124589.55,11.511038
1578.4134381365147,124611.914,11.516303
1578.4338722895482,124608.81,11.512616
1578.454306442749,124600.54,11.511093
1578.4747405961316,124627.26,11.5136175
1578.4951747496889,124611.89,11.513258
1578.5156089033553,124641.26,11.514848
1578.5360430572036,124640.54,11.512483
1578.5564773112274,124623.85,11.517837
1578.5769114653594,124610.72,11.5109825
1578.5973455197309,124649.44,11.512259
1578.638213928818,124659.55,11.517166
1578.658647983655,124635.164,11.515895
1578.6790822386101,124664.18,11.509132
1578.6995163937318,124644.734,11.511738
1578.7199504489763,124626.99,11.514278
1578.740384704448,124663.266,11.510372
1578.7608188600425,124629.68,11.515029
1578.7812531158124,124641.23,11.516863
1578.8016871717555,124669.77,11.512692
1578.8221213278084,124677.84,11.517208
1578.842555584044,124684.055,11.513354
1578.8629896404454,124649.33,11.514461
1578.8834237970295,124629.0,11.5123625
1578.90385795373,124658.836,11.507592
1578.9242921106052,124666.32,11.513746
1578.9447263676484,124662.29,11.513399
1578.9651604248138,124653.58,11.507117
1578.9855945822055,124665.2,11.513095
1579.0060288397217,124669.42,11.508001
1579.0264628973528,124673.625,11.514324
1579.0468970552101,124673.13,11.509704
1579.067331313192,124672.01,11.513233
1579.0877654712895,124667.52,11.507383
1579.1081995296117,124671.74,11.505277
1579.1286337880592,124674.86,11.511415
1579.1490679466806,124646.086,11.512512
1579.1695021054693,124658.84,11.512717
1579.1899362643817,124707.375,11.508188
1579.2103704234687,124680.41,11.512051
1579.2308046827238,124683.64,11.513269
1579.2512387421593,124689.47,11.505962
1579.271672901712,124659.07,11.50829
1579.2921071614328,124646.9,11.508428
1579.3125412212758,124641.84,11.506842
1579.3329754813458,124680.52,11.510277
1579.3534096415387,124680.555,11.510765
1579.3738437019056,124677.945,11.510887
1579.3942779623903,124650.34,11.508387
1579.4147121230417,124656.586,11.505154
1579.4351461838742,124659.97,11.508604
1579.4555804448755,124631.81,11.508076
1579.4760146059998,124633.88,11.506031
1579.496448667298,124638.2,11.507981
1579.5168829287722,124678.37,11.507817
1579.5373169903542,124664.75,11.508405
1579.5577512521195,124663.945,11.507307
1579.5781854139932,124676.69,11.503864
1579.598619576107,124636.92,11.509499
1579.6190537383372,124668.87,11.499302
1579.639487900742,124653.0,11.508156
1579.659922063256,124664.38,11.510945
1579.680356225952,124647.59,11.50352
1579.7007903888152,124659.92,11.506798
1579.7212246518611,124670.56,11.507555
1579.7416588150227,124660.22,11.502837
1579.7620928782999,124655.234,11.507653
1579.7825271418042,124656.16,11.505416
1579.8029613054314,124677.03,11.509672
1579.8233953692252,124633.1,11.507348
1579.8438296332024,124640.92,11.499182
1579.8642637972953,124670.695,11.502149
1579.884697861562,124636.3,11.507135
1579.9051321259394,124635.56,11.504453
1579.9255662905562,124631.08,11.502468
1579.9460005552828,124650.02,11.500292
1579.9664346201316,124667.96,11.502315
1579.9868687851558,124654.164,11.500794
1580.0073030503481,124623.94,11.505909
1580.0277371157208,124614.17,11.505451
1580.0481712812107,124630.52,11.503998
1580.0686055468686,124639.38,11.509495
1580.0890396126488,124635.94,11.506666
1580.1094737786043,124632.04,11.502897
1580.129908044728,124663.76,11.49827
1580.150342111032,124606.71,11.505081
1580.1707763774539,124616.36,11.497875
1580.1912104440416,124601.56,11.503612
1580.2116446107539,124610.23,11.501109
1580.2320788776997,124643.47,11.4956665
1580.252512944695,124613.586,11.50633
1580.272947111931,124643.375,11.48842
1580.2933813792843,124627.13,11.495392
1580.313815546746,124606.48,11.494385
1580.3342497144477,124577.49,11.500239
1580.3546838822658,124613.03,11.492771
1580.3751180501931,124612.76,11.48925
1580.3955522183605,124632.6,11.498009
1580.4159863865862,124623.16,11.495541
1580.4364205550373,124627.08,11.502216
1580.456854823613,124632.37,11.501783
1580.4772888923617,124613.13,11.504597
1580.4977230612203,124613.305,11.504821
1580.5181573303198,124604.97,11.499626
1580.538591399476,124531.51,11.502882
1580.5590256688592,124463.195,11.49409
1580.5794598383654,124439.35,11.495196
1580.5998939079873,124445.32,11.496699
1580.620328177778,124419.14,11.493543
1580.6407623477498,124455.12,11.489805
1580.6611964178956,124415.805,11.482716
1580.681630688152,124457.87,11.498275
1580.7020648585894,124522.35,11.494841
1580.7224991291368,124604.14,11.497672
1580.7429331998646,124600.65,11.494738
1580.7633673707096,124604.01,11.498201
1580.7838016417809,124596.016,11.492247
1580.8042357129743,124606.6,11.502744
1580.824669884285,124606.68,11.4920225
1580.8451040557702,124594.71,11.497819
1580.8655382274228,124604.61,11.494222
1580.885972399199,124603.25,11.506525
1580.9064065711427,124631.414,11.50169
1580.92684074321,124591.18,11.503394
1580.9472750154528,124596.17,11.496127
1580.967709187862,124586.21,11.49132
1580.9881432603943,124585.04,11.499162
1581.0085775331609,124600.266,11.504271
1581.0290117059776,124616.305,11.494596
1581.0494457789755,124588.195,11.492119
1581.0698800521495,124592.62,11.495324
1581.090314225432,124538.56,11.500241
1581.110748498897,124594.24,11.496648
1581.1311825725352,124576.1,11.492471
1581.1516167462833,124592.555,11.505549
1581.1720510201558,124593.234,11.502683
1581.1924850942596,124611.43,11.500378
1581.2129192684733,124588.67,11.4932375
1581.2333535428115,124599.06,11.491546
1581.2537876173228,124612.83,11.494574
1581.2742217920022,124605.9,11.50327
1581.294656066806,124613.18,11.505129
1581.315090141783,124594.086,11.499005
1581.3355244168706,124592.305,11.505488
1581.3559585921394,124626.38,11.496408
1581.3763927675827,124613.375,11.50023
1581.3968269431352,124593.27,11.4988165
1581.4172611188696,124596.305,11.502194
1581.4376952947205,124597.29,11.49187
1581.4581294707386,124582.805,11.496488
1581.4785636468805,124615.44,11.493905
1581.4989978232552,124595.87,11.493123
1581.5194319996808,124616.04,11.501626
1581.5398661762883,124607.266,11.498774
1581.5603003530705,124589.53,11.482701
1581.5807345299618,124596.68,11.47864
1586.8323158475978,124639.27,11.434547
1586.8527501606732,124619.83,11.361366
1586.8731842738634,124647.164,11.415406
1586.8936185871935,124650.43,11.415351
1586.9140528006756,124620.75,11.410425
1586.9344869142733,124629.555,11.407807
1586.9549212279817,124616.22,11.4226885
1586.975355441842,124628.25,11.4218
1586.995789655819,124625.85,11.417554
1587.016223869934,124596.28,11.4228
1587.0366580841728,124619.08,11.433063
1587.0570923985579,124623.82,11.41326
1587.0775266130804,124618.36,11.433081
1587.0979607276968,124625.94,11.415213
1587.1183950424602,124620.76,11.443968
1587.138829257361,124605.02,11.4312315
1587.1592633723849,124621.16,11.440295
1587.1796976875266,124606.33,11.441722
1587.2001319028059,124618.92,11.443053
1587.220566118238,124606.586,11.442286
1587.2410003337573,124614.25,11.448409
1587.2614344494432,124602.23,11.448655
1587.2818687652252,124612.88,11.45464
1587.3023029811811,124592.76,11.448845
1587.3227370972163,124604.53,11.457601
1587.3431714134058,124613.7,11.457472
1587.363605629711,124608.305,11.458446
1587.384039946155,124631.58,11.467623
1587.4044740627214,124617.98,11.467623
1587.424908279434,124608.29,11.472189
1587.4453425962565,124608.06,11.469491
1587.4657767132303,124643.086,11.462138
1587.506645247522,124607.09,11.469519
1587.5270793648742,124642.44,11.47133
1587.547513682337,124621.625,11.475887
1587.5679478999227,124603.89,11.477172
1587.588382117654,124600.92,11.475954
1587.6088163354943,124619.93,11.483323
1587.6292505534875,124625.32,11.477818
1587.649684771597,124629.66,11.481212
1587.670118989845,124634.69,11.484169
1587.6905532082164,124625.43,11.488401
1587.7109875267051,124617.375,11.4877205
1587.7314216453015,124635.1,11.486514
1587.7518558640513,124614.625,11.491732
1587.7722901829475,124633.46,11.487482
1587.792724401952,124621.016,11.495041
1587.8131585210795,124627.5,11.495997
1587.8335928403249,124634.14,11.496403
1587.854026959707,124657.74,11.4965515
1587.8744612792143,124630.15,11.492944
1587.8948954988664,124651.45,11.501227
1587.9153296186269,124629.05,11.498701
1587.9357639385125,124644.7,11.503664
1587.956198158543,124662.78,11.506418
1587.9766322786527,124660.69,11.501396
1587.9970665989458,124660.945,11.500167
1588.0175008193546,124631.016,11.502227
1588.0379349398427,124639.3,11.502806
1588.0583692605142,124636.73,11.504307
1588.0788034813013,124621.32,11.510361
1588.0992378021983,124622.94,11.5068655
1588.1196719232175,124634.52,11.502776
1588.140106144383,124634.45,11.509384
1588.1605404656584,124656.63,11.508862
1588.180974587056,124616.625,11.508503
1588.2014088085707,124637.32,11.511058
1588.2218431302535,124617.99,11.506041
1588.2422772520295,124603.02,11.509908
1588.2627115739451,124615.06,11.508183
1588.2831457959546,124614.81,11.510372
1588.3035800181387,124591.52,11.504443
1588.3240142404102,124604.17,11.510849
1588.3444484628199,124607.13,11.504686
1588.3648826853532,124608.8,11.509685
1588.3853169080248,124612.22,11.510591
1588.405751130791,124601.35,11.509121
1588.4261853537027,124618.555,11.511302
1588.4466196767535,124591.33,11.506589
1588.4670537998973,124647.11,11.513035
1588.487488123188,124619.52,11.50835
1588.5079222465865,124617.984,11.510655
1588.5283564701094,124609.9,11.508913
1588.5487907938077,124643.28,11.511043
1588.5692249175627,124584.1,11.509786
1588.5896591414567,124611.39,11.510374
1588.6100934655042,124597.016,11.508748
1588.6305275896302,124589.35,11.51102
1588.6509619139397,124604.43,11.51049
1588.6713961383357,124593.47,11.511075
1588.6918302628765,124599.6,11.509842
1588.7122645874988,124604.73,11.506013
1588.7326988123023,124608.16,11.509569
1588.753132937185,124608.49,11.506831
1588.773567262193,124605.02,11.510213
1588.7940014873457,124592.32,11.507435
1588.8144357126075,124624.69,11.503885
1588.834869937993,124598.16,11.506556
1588.8553041635241,124615.03,11.508619
1588.875738489165,124621.195,11.50758
1588.8961726149282,124609.63,11.507253
1588.9166068408085,124597.88,11.508632
1588.9370411668278,124625.1,11.503861
1588.957475392941,124613.945,11.504399
1588.9779095191989,124594.43,11.5078745
1588.9983438455674,124599.09,11.504058
1589.018778072088,124600.31,11.506541
1589.0392121986952,124624.15,11.509256
1589.059646525442,124605.336,11.5073
1589.080080752312,124608.19,11.502744
1589.1005150792917,124617.08,11.501742
1589.1209492063936,124601.164,11.498673
1589.1413834336417,124618.09,11.5048275
1589.1618176610064,124604.625,11.50101
1589.18225188848,124599.74,11.4995
1589.2026860160768,124629.67,11.499735
1589.2231203437914,124613.08,11.496026
1589.2435545716435,124618.01,11.501668
1589.26398889962,124637.22,11.497226
1589.2844230277115,124638.45,11.502971
1589.3048572559128,124663.21,11.497279
1589.3252915842386,124621.37,11.49934
1589.3457257126793,124555.81,11.500892
1589.366159941259,123052.016,11.45383
1589.386594269963,119541.2,11.350001
1589.4070283987821,117592.27,11.283865
1589.427462627711,117159.2,11.273529
1589.4478969567645,116977.3,11.272511
1589.4683311859553,117046.92,11.272937
1589.4887654152408,117289.23,11.279778
1589.5091996446718,117947.63,11.296038
1589.5296338742191,120732.03,11.379814
1589.5500681038757,123942.52,11.470916
1589.570502333656,124644.375,11.489575
1589.5909365635744,124607.28,11.488521
1589.6113708935882,124625.62,11.493852
1589.631805023746,124632.305,11.492108
1589.652239254021,124654.945,11.494625
1589.6726735844059,124642.83,11.490549
1589.693107714913,124639.29,11.495369
1589.7135420455306,124644.09,11.490153
1589.7339762762713,124641.27,11.484818
1589.7544104071276,124656.9,11.492868
1589.7748447381236,124653.52,11.485605
1589.7952789692426,124666.945,11.488007
1589.8157131004482,124647.805,11.482258
1589.856581563261,124678.64,11.485317
1589.8770158948755,124675.86,11.488936
1589.8974501265693,124679.266,11.49095
1589.917884258386,124689.81,11.488928
1589.9383185903207,124699.945,11.490822
1589.9587528223929,124714.09,11.493128
1589.9791869545588,124690.086,11.48731
1589.9996212868718,124716.97,11.487354
1590.0200555192932,124691.49,11.488013
1590.0404897518383,124723.71,11.482932
1590.0609239844998,124722.586,11.486618
1590.0813582172705,124705.43,11.480978
1590.1017925501656,124717.99,11.488314
1590.1222266831755,124720.055,11.47816
1590.1426609162954,124740.21,11.485998
1590.1630952495398,124724.71,11.487036
1590.1835294829289,124701.73,11.488123
1590.2039636164263,124738.87,11.476265
1590.22439795002,124724.016,11.484744
1590.2448321837583,124725.45,11.487955
1590.2652663175759,124701.0,11.480408
1590.2857006515478,124748.99,11.491491
1590.3061348856281,124726.76,11.482531
1590.326569219833,124727.47,11.47884
1590.3470033541234,124717.33,11.481967
1590.3674375885603,124735.53,11.478177
1590.387871923107,124737.9,11.477342
1590.408306057776,124734.67,11.488379
1590.4287402925547,124765.39,11.484319
1590.4491745274863,124774.625,11.489881
1590.4696087624761,124766.51,11.480303
1590.490043097634,124764.25,11.487005
1590.510477232885,124781.45,11.487898
1590.5309114682532,124747.25,11.477188
1590.5513458037312,124789.61,11.484139
1590.5717799393315,124768.23,11.483253
1590.592214175078,124759.8,11.483148
1590.6126485109053,124755.13,11.481084
1590.6330826468547,124763.89,11.479973
1590.6535168829214,124765.95,11.474497
1590.673951219127,124754.53,11.485759
1590.6943854554265,124763.51,11.4762335
1590.7148196918424,124779.945,11.47973
1590.7352539283675,124776.93,11.473082
1590.7556881650453,124802.836,11.479665
1590.7761224018104,124802.27,11.485046
1590.7965566386847,124763.25,11.477823
1590.8169908757118,124808.17,11.472841
1590.8374252127978,124816.04,11.481528
1590.8578593500497,124813.89,11.476883
1590.878293587397,124822.47,11.479888
1590.8987279248613,124778.71,11.475914
1590.9191620624333,124771.305,11.4727545
1590.9395964001305,124780.336,11.468567
1590.9600306379725,124788.99,11.468438
1590.9804647758647,124320.92,11.466971
1591.0008991139402,124826.164,11.450291
