time,flux,flux_err
1559.225977531627,,
1559.246411674998,49861.11,7.302563
1559.2668459186607,49865.945,7.2964363
1559.2872802624915,49844.973,7.294421
1559.3077144065028,49838.29,7.299225
1559.3281486507476,49837.08,7.2979155
1559.3485829951605,49831.49,7.2940097
1559.369017139812,49849.715,7.297326
1559.389451484698,49840.1,7.3027287
1559.4098857297504,49846.676,7.2998967
1559.4303199749847,49847.426,7.29641
1559.450754220452,49846.105,7.2970085
1559.4711884660865,49851.79,7.2986355
1559.491622711903,49843.402,7.2981553
1559.5120569579522,49846.297,7.2961335
1559.532491204227,49833.977,7.3011246
1559.5529254506837,49847.71,7.2992353
1559.5733596973732,49835.68,7.2970996
1559.5937939442301,49845.723,7.2979155
1559.614228191269,49830.848,7.294905
1559.6346624385405,49865.03,7.301465
1559.6550966860377,49834.754,7.298711
1559.6755310336594,49829.88,7.300399
1559.6959651815705,49854.598,7.2938585
1559.7163994295915,49848.05,7.296348
1559.7368337779117,49836.566,7.297162
1559.7572679263467,49844.008,7.295903
1559.7777022750088,49847.355,7.299978
1559.7981365239102,49835.47,7.2926455
1559.8185706729855,49857.33,7.3003235
1559.8390050222297,49845.797,7.2965665
1559.8594392717132,49848.133,7.2978067
1559.8798734213706,49848.977,7.300766
1559.900307771255,49836.62,7.2952895
1559.9207420213788,49851.086,7.296222
1559.9411763716125,49839.625,7.3014565
1559.9616105220848,49841.36,7.29462
1559.9820447727907,49842.11,7.3017554
1560.0024791236647,49846.406,7.301064
1560.022913274719,49846.77,7.2964845
1560.043347526007,49851.93,7.296633
1560.063781877463,49846.867,7.2978177
1560.0842160291577,49840.58,7.297248
1560.1046503810285,49839.703,7.2992053
1560.1250846330659,49841.258,7.298667
1560.1455187853426,49835.754,7.3034897
1560.1659531378536,49851.816,7.301237
1560.186387390473,49830.605,7.2990055
1560.206821543332,49843.93,7.3035455
1560.227255896425,49843.39,7.29475
1560.2476901496848,49849.164,7.2995644
1560.2681243031839,49848.297,7.2996798
1560.288558656859,49843.42,7.297584
1560.308992910701,49847.715,7.3042393
1560.3294271647246,49844.633,7.300768
1560.3498614189812,49843.887,7.3026443
1560.3702956734633,49844.93,7.3004284
1560.390730028128,49850.914,7.299518
1560.4111641829659,49840.37,7.299956
1560.43159843803,49839.312,7.301881
1560.4520327932769,49851.105,7.3007083
1560.472466948755,49853.867,7.2987094
1560.4929013043438,49842.13,7.303111
1560.5133355602302,49833.48,7.30218
1560.5337697162322,49839.973,7.300746
1560.5542040724613,49847.5,7.3035607
1560.5746383289297,49844.21,7.299205
1560.595072485572,49842.277,7.3011746
1560.6155068423832,49828.242,7.2977486
1560.6359410994337,49833.344,7.2998476
1560.6563753566588,49831.266,7.2968254
1560.6768096140513,49839.246,7.2990794
1560.697243871684,49862.246,7.2995906
1560.7381123874657,49861.074,7.3055015
1560.7585466456803,49831.848,7.298701
1560.7789810041213,49849.348,7.3011174
1560.7994151626845,49855.82,7.295827
1560.8198494214812,49841.82,7.300494
1560.8402837805043,49847.883,7.2985992
1560.962889338567,49695.285,4.9292655
1560.9833234989346,49840.273,7.306626
1561.0037578595366,49813.36,7.283331
1561.0241921202469,49854.18,7.298937
1561.0446264812563,49844.477,7.2840934
1561.0650606423806,49843.703,7.2928414
1561.0854949037312,49843.848,7.2997026
1561.1059292652644,49906.086,7.309889
1561.1263634269708,49854.586,7.294969
1561.1467976889035,49877.727,7.3015428
1561.1672320510188,49839.53,7.303144
1561.1876662133654,49834.695,7.3023396
1561.2081004758802,49855.883,7.301673
1561.2285348385776,49831.152,7.295161
1561.2489690014481,49840.92,7.3061295
1561.2694033645457,49828.316,7.3039913
1561.2898376278827,49835.67,7.2954063
1561.310271891336,49840.027,7.3034167
1561.330706155015,49840.29,7.301136
1561.3511404188757,49855.625,7.3043475
1561.3715746829694,49856.176,7.302502
1561.3920089472304,49823.113,7.304524
1561.4124432116732,49826.49,7.3015885
1561.4328775763424,49850.234,7.302329
1561.453311741192,49841.926,7.302583
1561.473746006217,49851.71,7.3043504
1561.4941802714748,49854.6,7.308266
1561.5146145368417,49878.402,7.306165
1561.535048802507,49851.703,7.303137
1561.555483168282,49844.715,7.304562
1561.5759173342958,49845.367,7.300456
1561.596351600485,49845.953,7.3043966
1561.6167859669076,49833.14,7.3061447
1561.6372201334962,49830.26,7.303385
1561.657654500268,49857.688,7.3065734
1561.6780887672066,49852.035,7.30731
1561.6985229343845,49836.918,7.3026605
1561.7189573017386,49839.727,7.3013744
1561.7393915692664,49837.383,7.3030014
1561.7598257370191,49831.062,7.303162
1561.7802601049552,49849.676,7.3051925
1561.800694373058,49841.848,7.3061147
1561.8211287414015,49840.973,7.30601
1561.84156290986,49852.047,7.304272
1561.8619971786102,49842.79,7.305447
1561.8824315474703,49845.0,7.3055634
1561.902865716569,49851.082,7.305147
1561.923299985836,49845.344,7.304856
1561.9437343552854,49835.824,7.305889
1561.9641685249662,49851.176,7.302011
1561.9846027948224,49841.29,7.3049407
1562.0050371648467,49839.7,7.3048215
1562.0254714351104,49839.492,7.3067203
1562.0459057054832,49846.457,7.304589
1562.0663399761543,49833.125,7.306406
1562.086774146941,49847.074,7.3074365
1562.1072085178967,49849.504,7.3054824
1562.1276427890916,49827.953,7.304479
1562.1480769604605,49839.97,7.3025875
1562.1685113320564,49832.117,7.3038487
1562.1889456038334,49835.15,7.303715
1562.2093799757859,49834.12,7.3055553
1562.229814147904,49837.816,7.3041053
1562.250248420205,49840.734,7.3042674
1562.2706827927395,49847.695,7.3061485
1562.2911169654399,49836.38,7.3060045
1562.311551238381,49838.42,7.3064322
1562.3319856114977,49880.168,7.309315
1562.3524197847219,49842.543,7.30791
1562.3728541581877,49837.508,7.304932
1562.3932884318856,49867.082,7.308595
1562.4137226056919,49852.203,7.303408
1562.4341569797398,49851.008,7.3051434
1562.4545912540198,49829.72,7.306302
1562.4750254284081,49839.91,7.307483
1562.495459803038,49831.242,7.301742
1562.5158940777837,49847.297,7.307548
1562.5363283528131,49845.76,7.307287
1562.5567626279662,49841.11,7.307271
1562.5771969033522,49840.67,7.306911
1562.5976312789062,49834.707,7.305598
1562.6180654546406,49852.273,7.305533
1562.6384997305504,49846.55,7.307204
1562.6589341066865,49860.773,7.305909
1562.6793683830037,49847.37,7.307258
1562.6998025594949,49837.77,7.3052773
1562.7202369361548,49842.66,7.308164
1562.7406711130534,49839.566,7.306884
1562.7611054901208,49838.887,7.3056765
1562.7815397673694,49840.332,7.3048906
1562.8019739447918,49842.81,7.3074465
1562.8224083223904,49837.24,7.30673
1562.8428426002138,49838.293,7.3082833
1562.8632767782183,49861.94,7.308854
1562.8837111563917,49842.43,7.3050265
1562.9041454348044,49829.016,7.3077183
1562.9245796133328,49848.777,7.3070135
1562.9450139920955,49829.336,7.3065944
1562.9654482710248,49844.5,7.305935
1562.9858826501368,49841.227,7.3051753
1563.0063168294728,49843.043,7.306448
1563.0267511089332,49842.37,7.306749
1563.0471854886273,49831.055,7.3078814
1563.0676196684944,49833.805,7.3070426
1563.088053948588,49845.797,7.306041
1563.1084883288058,49845.598,7.305918
1563.1289225092478,49838.508,7.304705
1563.1493568898732,49855.125,7.307714
1563.1697911706724,49829.9,7.305346
1563.190225451639,49835.35,7.304115
1563.2106597328457,49829.71,7.3075094
1563.2310940141688,49828.24,7.307479
1563.2515282957756,49849.203,7.310355
1563.2719625775062,49835.12,7.308007
1563.2923968594114,49849.76,7.306226
1563.3128311415421,49853.266,7.3096414
1563.3332655237973,49842.938,7.3086276
1563.3536997062838,49850.715,7.307174
1563.3741339889384,49834.535,7.307037
1563.394568271775,49830.086,7.308037
1563.4150025548442,49826.984,7.308666
1563.4354369380235,49840.46,7.3079205
1563.4558711214413,49831.586,7.307634
1563.4763054050345,49835.28,7.3076463
1563.4967397887958,49850.035,7.308705
1563.5171739727957,49838.36,7.309189
1563.5376083569136,49833.613,7.3051424
1563.5580426412562,49845.93,7.3085947
1563.57847682578,49827.836,7.3051047
1563.5989112104726,49845.324,7.309981
1563.6193454953464,49847.43,7.308502
1563.639779680394,49833.086,7.306454
1563.660214065676,49835.34,7.3079615
1563.6806483510663,49841.883,7.3081255
1563.7215169224946,49849.855,7.3061037
1563.7419512084743,49839.65,7.306388
1563.7623855946877,49852.383,7.3073516
1563.7828197810159,49835.26,7.3088884
1563.8032540675704,49850.234,7.3066278
1563.8236884543076,49848.64,7.3105106
1563.8441227412113,49843.504,7.3091307
1563.8645569282962,49844.457,7.30781
1563.8849913155573,49848.598,7.3087277
1563.905425602985,49848.715,7.3096128
1563.9258598906526,49820.8,7.307084
1563.9462941784368,49845.133,7.3102193
1563.9667284664465,49850.652,7.3062844
1563.9871627546381,49838.48,7.3074117
1564.0075970430044,49832.867,7.3089604
1564.0280313315961,49850.086,7.3087554
1564.0484656203116,49845.914,7.3090873
1564.0688999092017,49837.215,7.3080535
1564.0893342983181,49849.96,7.3092966
1564.109768487615,49852.223,7.3085284
1564.130202777087,49851.047,7.3072734
1564.1506371667274,49841.508,7.3058615
1564.171071356548,49836.027,7.306245
1564.191505646544,49841.902,7.309451
1564.2119400367665,49846.844,7.304184
1564.232374227111,49853.87,7.308336
1564.2528085176891,49837.617,7.307738
1564.2732429084353,49842.945,7.307895
1564.293677099362,49847.316,7.306349
1564.3141114904647,49842.582,7.3073506
1564.334545781734,49835.996,7.307862
1564.3549799731845,49844.97,7.307924
1564.3754143648111,49837.15,7.3067093
1564.3958486566626,49843.062,7.306913
1564.4162829486377,49835.44,7.3018
1564.4367172408456,49840.11,7.3052716
1564.457151533221,49842.457,7.309236
1564.4775859257788,49840.97,7.3063645
1564.4980202185106,49844.938,7.308728
1564.518454411409,49835.0,7.308319
1564.5388888044909,49842.375,7.3052497
1564.5593230977393,49863.61,7.30431
1564.579757291227,49844.56,7.3070555
1564.6001916848327,49838.46,7.3038125
1564.6206259786704,49838.137,7.3020887
1564.6410601726166,49842.203,7.302499
1564.6614945668043,49845.113,7.3029156
1564.6819287611652,49845.688,7.3024964
1564.702363155695,49863.79,7.3093624
1564.7227974504058,49844.805,7.3023763
1564.7432316452905,49832.668,7.300241
1564.763666040344,49853.766,7.305435
1564.784100335637,49827.816,7.3049693
1564.8045345310456,49838.793,7.3024416
1564.8249689266231,49828.766,7.306311
1564.84540322244,49855.934,7.3036785
1564.8658376183666,49843.684,7.3022175
1564.886271814532,49845.145,7.3036957
1564.9067061108726,49859.996,7.304048
1564.9271405073814,49853.402,7.305713
1564.9475747040124,49850.723,7.302504
1564.968009000877,49847.805,7.306057
1564.9884433979096,49853.65,7.3008676
1565.0088775951808,49841.406,7.299621
1565.0293118925692,49842.094,7.303094
1565.0497462901258,49850.49,7.3020577
1565.0701805878634,49839.664,7.304724
1565.0906148857757,49841.395,7.3031445
1565.1110491839136,49846.867,7.3041744
1565.131483482175,49845.51,7.305619
1565.1519177806695,49862.082,7.305898
1565.172352079273,49858.477,7.301717
1565.1927863781166,49842.38,7.3034644
1565.2132207770774,49860.543,7.3067994
1565.2336549762622,49851.957,7.298395
1565.2540893756304,49838.93,7.3042674
1565.2745236751725,49856.5,7.3054223
1565.2949578748812,49843.45,7.3059883
1565.3153922747151,49845.19,7.303439
1565.3358264747803,49844.043,7.3045506
1565.3562607750137,49845.246,7.3031135
1565.3766951754296,49850.12,7.3056917
1565.3971293760187,49852.863,7.305265
1565.417563676776,49853.938,7.3028207
1565.4379980777157,49845.402,7.3048887
1565.4584322788287,49850.176,7.3047566
1565.4788666801687,49846.348,7.303758
1565.4993009816317,49848.59,7.303774
1565.5197351832685,49853.64,7.304731
1565.5401695850742,49843.016,7.303278
1565.560603887061,49851.35,7.304645
1565.5810381892807,49862.867,7.300143
1565.6014724916095,49850.34,7.3037653
1565.6219067941202,49856.777,7.303454
1565.642341196799,49842.227,7.3044844
1565.6627753997163,49858.016,7.303308
1565.683209702751,49854.887,7.3065734
1565.7036441059608,49847.44,7.3008304
1565.7240784093956,49850.66,7.3037524
1565.7445126129533,49840.33,7.3035316
1565.7649470166798,49845.01,7.302642
1565.7853813206457,49852.996,7.304512
1565.805815624728,49843.19,7.3040686
1565.8262499290431,49851.875,7.3057733
1565.8466842334674,49854.816,7.3045726
1565.8671186381325,49842.34,7.2996325
1565.8875528429053,49862.26,7.297653
1565.9079871478607,49848.426,7.3036156
1565.9284215530497,49845.344,7.3033433
1565.9488557583463,49840.6,7.296552
1565.9692900638256,49850.74,7.298938
1565.9897243695377,49852.03,7.3018217
1566.010158675359,49852.555,7.3047314
1566.030593081421,49848.777,7.3037076
1566.0510272875981,49878.188,7.3145947
1566.0714615939432,49850.57,7.3006015
1566.091896000471,49849.29,7.2996798
1566.1123302072301,49842.73,7.3031735
1566.132764514099,49851.723,7.305176
1566.1531989211508,49845.516,7.3024845
1566.1736331283755,49851.85,7.3041105
1566.1940675358273,49844.418,7.3043036
1566.214501843402,49844.797,7.3025713
1566.2349360511507,49849.742,7.3045816
1566.2553704590682,49858.25,7.302164
1566.2758047671668,49850.348,7.3041043
1566.29623907544,49859.254,7.306134
1566.3166733838807,49848.734,7.303924
1566.3371076925032,49859.535,7.3020134
1566.3575420013003,49840.15,7.304687
1566.3779764102655,49832.348,7.2997847
1566.3984106194112,49833.598,7.302381
1566.418845028733,49856.13,7.306019
1566.439279338163,49839.207,7.3003025
1566.4597135478325,49841.227,7.303992
1566.4801479576709,49845.65,7.303409
1566.5005822676321,49858.42,7.3047943
1566.5210164778255,49845.9,7.3034515
1566.5414508881368,49846.258,7.3037214
1566.5618851986728,49851.605,7.3039327
1566.5823195093326,49851.496,7.297776
1566.602753820218,49850.305,7.298847
1566.6231880312262,49857.74,7.3002896
1566.6436224424106,49856.72,7.3012233
1566.6640567537688,49851.465,7.3048005
1566.7049253770601,49850.8,7.3001556
1566.7253596888768,49853.887,7.303811
1566.7457940009917,49851.305,7.303392
1566.766228313165,49864.793,7.299525
1566.786662625571,49851.113,7.3035803
1566.807097038145,49846.594,7.3005323
1566.8275312508413,49840.902,7.301103
1566.8479655637639,49853.945,7.299239
1566.8683999768691,49857.484,7.3000135
1566.88883429009,49849.695,7.3051105
1566.9092685034848,49841.895,7.301831
1566.9297029171066,49858.93,7.2969866
1566.9501372308514,49842.766,7.299613
1566.9705715447635,49848.812,7.297531
1566.9910058588575,49850.805,7.3021946
1567.0114401731262,49846.82,7.301831
1567.0318744875622,49860.22,7.307288
1567.0523088021218,49846.723,7.304131
1567.0727431169144,49850.04,7.303208
1567.093177531875,49858.27,7.3006926
1567.1136117469578,49850.426,7.2986197
1567.1340461622167,49847.77,7.3022842
1567.1544804777004,49847.043,7.302578
1567.174914693307,49857.008,7.3039665
1567.1953491090899,49856.555,7.3019886
1567.2157834250393,49848.465,7.3000937
1567.2362176411698,49842.703,7.3038864
1567.2566520574183,49850.08,7.300803
1567.2770862738907,49854.47,7.30134
1567.2975205904877,49851.777,7.3014817
1567.3179550073182,49843.21,7.3012347
1567.3383892242564,49845.84,7.3004837
1567.3588236414362,49857.246,7.3019376
1567.3792579587316,49844.406,7.3002033
1567.3996921761354,49851.387,7.303026
1567.4201265937809,49861.586,7.2979827
1567.4405609116002,49836.676,7.2988224
1567.4609952295868,49853.72,7.304361
1567.4814295476972,49844.31,7.303992
1567.5018638660404,49862.586,7.303034
1567.5222982844934,49845.445,7.3039546
1567.542732503127,49858.523,7.3035645
1567.5631668219357,49860.504,7.299148
1567.5836012409127,49863.18,7.3006077
1567.6040355600126,49860.41,7.3050985
1567.6244697793445,49844.934,7.3012033
1567.6449041987871,49858.715,7.3027344
1567.665338518469,49865.992,7.3008757
1567.6857727382667,49845.613,7.2961636
1567.7062071582332,49859.793,7.3014874
1567.7266414783808,49858.49,7.3019347
1567.7470758986965,49855.207,7.299575
1567.7675101191344,49860.49,7.300784
1567.7879444398059,49858.42,7.2999215
1567.8083788605873,49847.066,7.298708
1567.828813081549,49851.402,7.303109
1567.8492474026862,49858.03,7.3018665
1567.8696818239914,49846.035,7.3022013
1567.8901160454188,49851.996,7.3016806
1567.9105504670806,49843.574,7.299868
1567.93098468885,49841.215,7.300308
1567.9514190108603,49842.473,7.2992716
1567.9718534329877,49851.24,7.301139
1567.99228765523,49856.32,7.302522
1568.0127219776987,49846.117,7.300798
1568.03315640035,49840.277,7.3040986
1568.053590623109,49856.375,7.302457
1568.0740249460505,49846.24,7.3011746
1568.0944593692257,49848.426,7.303708
1568.114893692451,49841.523,7.2985206
1568.1353280159165,49848.785,7.301245
1568.1557623395565,49860.21,7.2995143
1568.1761966633057,49856.496,7.3035173
1568.1966309872369,49861.285,7.298146
1568.2170653113426,49852.934,7.3010902
1568.2374996356157,49847.15,7.3034286
1568.2579340600714,49847.258,7.298901
1568.278368284642,49851.805,7.304082
1568.2988027094398,49858.2,7.3015723
1568.3192370343604,49846.957,7.3021536
1568.3396712593967,49844.477,7.2966785
1568.36010568466,49850.363,7.3002634
1568.3805400101046,49849.93,7.297209
1568.4009742356648,49853.273,7.3004103
1568.4214086613938,49839.496,7.2997613
1568.441842987304,49852.84,7.301972
1568.462277213388,49846.348,7.302441
1568.4827116395827,49854.715,7.3010573
1568.5031459660167,49851.04,7.300024
1568.5235803925607,49844.54,7.298864
1568.544014619285,49848.773,7.301503
1568.5644488461257,49843.258,7.3011923
1568.5848832732008,49849.016,7.3027816
1568.6053176003843,49861.324,7.30103
1568.6257519277497,49861.31,7.30291
1568.6461862552824,49854.918,7.300382
1568.666620582997,49866.285,7.3037767
1568.6870550108288,49844.812,7.297369
1568.7074892388337,49864.684,7.3016505
1568.7279235670067,49852.09,7.3009095
1568.7483579953623,49851.25,7.3021417
1568.7687923238846,49888.074,7.3034606
1568.7892265525297,49845.5,7.3018203
1568.809660981351,49856.207,7.3017063
1568.830095310339,49846.223,7.301579
1568.8505296395087,49856.54,7.301646
1568.870963968795,49855.098,7.301788
1568.8913982982485,49848.746,7.298682
1568.9118327278848,49857.758,7.300166
1568.932266957694,49862.746,7.3054066
1568.9527012876715,49832.93,7.305484
1568.9731357177734,49854.59,7.301435
1568.9935699480484,49851.4,7.303712
1569.0140042784915,49840.258,7.3002157
1569.034438709059,49842.297,7.3018403
1569.0548729397997,49851.812,7.302206
1569.0753073707674,49853.94,7.302434
1569.0957417017999,49852.76,7.302605
1569.1161759330644,49853.37,7.304198
1569.1366103644395,49858.477,7.300394
1569.1570446959959,49859.547,7.301355
1569.177478927726,49847.41,7.300404
1569.197913359625,49853.35,7.303714
1569.2183475916463,49856.242,7.302472
1569.2387820238437,49846.35,7.3002434
1569.2592163562076,49848.77,7.2977486
1569.2796505886945,49845.97,7.299965
1569.3000850213575,49858.797,7.3045287
1569.3205193541871,49850.953,7.3016214
1569.3409536871986,49842.14,7.299703
1569.3613880203266,49855.95,7.3029623
1569.3818223536218,49855.25,7.3002095
1569.4022566871572,49852.27,7.3040133
1569.4226910207508,49836.805,7.3007865
1569.44312535457,49856.613,7.301252
1569.4635597884553,49848.816,7.3020744
1569.4839941225655,49852.203,7.303384
1569.5044283568568,49860.15,7.3005795
1569.524862791266,49853.035,7.3014135
1569.5452971258492,49867.316,7.305105
1569.5657313605989,49852.39,7.3037314
1569.5861657954738,49847.84,7.299815
1569.6066001305153,49851.87,7.3018937
1569.6270345657395,49839.29,7.2984276
1569.6474688010785,49844.176,7.296785
1569.6883375723337,49833.402,7.2967005
1569.7087718081384,49841.31,7.299447
1569.7292061441694,49851.57,7.2964873
1569.749640580325,49853.812,7.302917
1569.7700748165953,49850.4,7.3013783
1569.7905091530993,49852.867,7.3034244
1569.8109435897131,49859.82,7.303837
1569.8313778265074,49847.49,7.2997427
1569.8518122634123,49853.906,7.301018
1569.8722465005558,49847.926,7.2987175
1569.8926808378164,49837.87,7.2998695
1569.913115275187,49861.457,7.30192
1569.933549512738,49849.156,7.301868
1569.9539838504643,49861.25,7.3017917
1569.9744182883587,49848.69,7.3008776
1569.994852626376,49846.598,7.3006663
1570.015286964568,49846.47,7.3025637
1570.0357213029274,49849.324,7.302208
1570.0561556414686,49851.277,7.304696
1570.0765899801263,49857.703,7.304594
1570.097024318893,49837.49,7.3026915
1570.1174586579,49854.23,7.302906
1570.137893097024,49865.64,7.3009243
1570.1583273362558,49833.29,7.299381
1570.178761775729,49855.773,7.302677
1570.199196115318,49845.68,7.300048
1570.2196303550736,49845.37,7.299125
1570.2400647949544,49856.387,7.301037
1570.260499135009,49851.152,7.3023286
1570.2809333752302,49855.266,7.302929
1570.3013678155767,49867.496,7.301675
1570.321802156097,49856.832,7.302675
1570.3422363967838,49850.285,7.3032246
1570.362670837596,49859.242,7.3049545
1570.383105178582,49840.92,7.3003488
1570.4035395197352,49863.9,7.3006763
1570.4239738610122,49855.66,7.3006053
1570.4444082024638,49869.598,7.300178
1570.4648425440828,49853.617,7.30164
1570.4852768858254,49848.598,7.299824
1570.5057112277427,49848.203,7.2985573
1570.5261455698273,49857.766,7.303105
1570.5465799120357,49857.145,7.3015366
1570.567014354412,49856.242,7.302298
1570.5874485969107,49856.383,7.2981315
1570.6078829395847,49860.305,7.3000093
1570.628317382434,49862.18,7.3004513
1570.6487517253918,49846.94,7.2991004
1570.6691859685307,49862.703,7.297381
1570.6896204118384,49855.934,7.3001328
1570.710054755269,49858.81,7.2989964
1570.7304889988736,49850.15,7.2993383
1570.750923442596,49850.137,7.2948284
1570.7713577864852,49850.613,7.299752
1570.791792230557,49852.977,7.2992544
1570.8122264747944,49847.81,7.29896
1570.8326608191564,49853.805,7.2983894
1570.8530952636356,49842.55,7.299394
1570.873529508288,49863.523,7.2967186
1570.8939638531083,49848.508,7.301201
1570.9143982981113,49842.92,7.2965503
1570.934832543222,49853.75,7.3025384
1570.9552669884579,49843.07,7.296326
1570.9757013339258,49836.45,7.300031
1570.9961355794512,49852.676,7.2996845
1571.0165700252037,49860.105,7.2991705
1571.037004371079,49851.56,7.3024216
1571.0574386170629,49854.37,7.3016253
1571.0778730632883,49854.59,7.2959642
1571.0983074096293,49863.43,7.2968297
1571.1187416560788,49849.383,7.30198
1571.1391761027116,49853.727,7.300277
1571.1596104495184,49865.008,7.3000793
1571.1800447964342,49864.82,7.297897
1571.200479143532,49854.848,7.297446
1571.2209134907462,49843.68,7.2984104
1571.2413478381277,49841.14,7.2974067
1571.2617821856911,49859.184,7.2990713
1571.282216533371,49853.188,7.3033524
1571.30265088116,49855.0,7.299944
1571.323085229189,49849.29,7.301699
1571.3435196773353,49853.07,7.3018227
1571.36395402559,49861.19,7.2989554
1571.3843882740257,49857.81,7.299373
1571.4048227226303,49850.254,7.2982874
1571.425257071358,49859.625,7.300198
1571.4456913202594,49860.055,7.303976
1571.4661257692787,49853.145,7.3004985
1571.4865601184647,49853.727,7.300711
1571.5069943677736,49849.055,7.300546
1571.5274288172513,49854.53,7.3013883
1571.5478631669102,49840.746,7.2971067
1571.5682976166863,49850.723,7.2957993
1571.5887318666355,49859.73,7.299535
1571.6091662166946,49850.668,7.2990975
1571.6296006669363,49855.438,7.2997036
1571.6500349172857,49851.74,7.30032
1571.6704692678177,49864.508,7.301599
1571.690903718525,49853.164,7.299934
1571.7113379692892,49859.406,7.300969
1571.7317724202803,49841.332,7.301388
1571.7522067713944,49836.02,7.300207
1571.772641022675,49857.004,7.2985454
1571.793075474081,49855.133,7.3021407
1571.8135098256607,49861.703,7.299265
1571.8339440773561,49863.805,7.3000474
1571.8543785292204,49864.582,7.2989616
1571.8748128812076,49839.16,7.2952466
1571.8952471333614,49851.496,7.2994423
1571.9156815856404,49843.46,7.298599
1571.9361159380933,49846.785,7.300794
1571.9565503907143,49851.668,7.298016
1571.9769846434574,49854.93,7.2941628
1571.9974189963177,49858.336,7.3019543
1572.0178534493461,49850.945,7.2955875
1572.0382877025258,49842.72,7.2991166
1572.058722055881,49850.793,7.3014274
1572.079156509346,49848.227,7.2986345
1572.0995907629622,49854.0,7.300129
1572.1200252167255,49871.055,7.302225
1572.1404595706263,49854.22,7.2982507
1572.1608938247082,49863.953,7.3001604
1572.181328278908,49864.08,7.3002806
1572.2017626332745,49859.746,7.298918
1572.2221968877639,49847.207,7.301139
1572.2426313424003,49854.91,7.2915444
1572.2630656972033,49859.16,7.30151
1572.28350005213,49849.11,7.3022943
1572.3039344072313,49855.684,7.2988186
1572.3243687624417,49844.2,7.299295
1572.344803117805,49849.566,7.2952237
1572.3652374733138,49832.855,7.3013735
1572.3856718289899,49849.13,7.296937
1572.4061061847897,49861.336,7.2958283
1572.426540540735,49844.473,7.2990656
1572.4469748968477,49861.113,7.2988577
1572.467409253084,49865.594,7.299107
1572.487843609495,49849.348,7.295334
1572.508278066016,49852.336,7.2943196
1572.5287124226888,49844.51,7.2976904
1572.5491466795065,49841.973,7.298273
1572.569581136464,49846.5,7.299955
1572.5900154936026,49839.445,7.297895
1572.6104497508568,49852.46,7.2936244
1572.6308842082508,49854.414,7.2978034
1572.6717528234585,49851.312,7.297063
1572.6921872813182,49854.85,7.3001037
1572.7126216392717,49849.246,7.2971983
1572.7330560973933,49851.605,7.300949
1572.7534903556661,49841.68,7.2992315
1572.7739247140562,49843.496,7.2994313
1572.7943591726143,49853.34,7.3025985
1572.8147934312947,49851.207,7.302435
1572.8352277901504,49859.125,7.300438
1572.855662249116,49855.164,7.301547
1572.8760965082329,49870.95,7.3054805
1572.8965309674968,49870.84,7.2963147
1572.9169653268982,49841.156,7.300033
1572.9373995864516,49876.09,7.298215
1572.9578340461521,49870.887,7.30059
1572.97826840599,49856.086,7.298916
1572.9987027659809,49854.94,7.2995124
1573.019137126088,49852.99,7.295164
1573.0395714863334,49872.133,7.302802
1573.060005746731,49847.617,7.3018427
1573.0804402073045,49856.016,7.29963
1573.1008745679865,49841.76,7.2952952
1573.1213089288212,49866.855,7.2971187
1573.1417432897724,49835.516,7.294273
1573.162177650891,49851.266,7.303467
1573.182612112134,49862.387,7.2974377
1573.20304637355,49845.824,7.299112
1573.223480735076,49848.004,7.299008
1573.2439151967556,49855.797,7.3002796
1573.264349458579,49840.727,7.300074
1573.2847839205424,49864.215,7.2970676
1573.3052182826577,49853.312,7.298109
1573.3256525448887,49856.875,7.2997723
1573.3460870072886,49855.77,7.3001857
1573.3665213698114,49859.69,7.299107
1573.3869556324498,49867.914,7.294662
1573.4073900952571,49857.43,7.2989063
1573.4278244582165,49858.184,7.297688
1573.4482587212915,49845.625,7.2914248
1573.4686931845063,49861.66,7.2963142
1573.4891275479022,49857.645,7.2985797
1573.5095620114153,49844.535,7.2967606
1573.529996275036,49859.86,7.2969766
1573.5504306388393,49865.957,7.297125
1573.5708651027526,49844.965,7.295089
1573.591299366817,49855.676,7.2934437
1573.611733731028,49867.152,7.294616
1573.632168195385,49870.58,7.2980776
1573.6526025598796,49856.13,7.296416
1573.6730369244979,49848.324,7.2973447
1573.6934712892544,49841.805,7.29741
1573.7139055541338,49847.543,7.2968893
1573.7343400191894,49859.83,7.2947884
1573.7547743843606,49838.566,7.2980304
1573.7752086496985,49868.773,7.2987385
1573.7956431151615,49854.324,7.2965584
1573.816077480733,49854.805,7.2991366
1573.8365117464855,49844.51,7.2978163
1573.856946212356,49852.1,7.299228
1573.877380578364,49854.582,7.2992
1573.8978150445255,49842.945,7.30055
1573.918249310802,49847.49,7.29358
1573.9386836772173,49842.336,7.2967277
1573.9591181437863,49853.87,7.294075
1573.9795524104993,49861.527,7.2930946
1573.9999867773222,49857.21,7.2949343
1574.0204212443277,49861.074,7.2975473
1574.0408555114482,49846.855,7.294913
1574.0612899786793,49852.09,7.2967544
1574.0817243460915,49848.41,7.2996993
1574.1021586136194,49845.723,7.2953696
1574.122593081258,49849.91,7.295472
1574.1430274490776,49845.8,7.2983203
1574.1634618170137,49858.64,7.300027
1574.183896185088,49859.555,7.2968173
1574.2043305532861,49842.664,7.2971206
1574.2247649216588,49866.258,7.3005714
1574.2451992901406,49860.04,7.29981
1574.2656336587752,49858.934,7.296287
1574.2860680275262,49849.246,7.294909
1574.3065024964162,49865.883,7.2944636
1574.3269367654575,49842.59,7.2985435
1574.347371134616,49862.36,7.297968
1574.3678055039127,49843.277,7.2975173
1574.3882398733622,49855.168,7.291704
1574.4086743429216,49850.3,7.2936907
1574.4291086126614,49863.402,7.298317
1574.449543082519,49871.035,7.3018064
1574.4699774524925,49856.67,7.300878
1574.4904117226033,49848.21,7.2982254
1574.5108461928685,49851.125,7.2963305
1574.531280563242,49847.523,7.2971115
1574.5517148337676,49851.297,7.295851
1574.5721493044402,49846.395,7.2946043
1574.5925836752285,49850.5,7.2946463
1574.6130181461558,49854.094,7.297065
1574.6334524172053,49859.3,7.2964287
1574.6538867884228,49862.992,7.2988205
1574.6743212597648,49866.188,7.2968802
1574.6947555312217,49852.24,7.29655
1574.715189902825,49829.195,7.295034
1574.7356243745671,49855.566,7.2999716
1574.7560586464315,49843.33,7.296547
1574.7764930184348,49855.055,7.300588
1574.7969274905918,49859.07,7.297047
1574.8173618628643,49853.164,7.2959056
1574.8377962352752,49850.875,7.2993045
1574.8582306078097,49850.918,7.2981997
1574.8786649804897,49854.863,7.2994676
1574.899099353308,49845.477,7.292185
1574.91953372625,49869.87,7.2984395
1574.9399680993083,49846.438,7.2985396
1574.960402472534,49842.73,7.297055
1574.9808368458835,49856.133,7.299405
1575.0012712193493,49841.1,7.2978797
1575.0217055929534,49852.445,7.296679
1575.0421399667102,49874.305,7.298019
1575.0625744405843,49857.133,7.3010397
1575.083008714595,49856.344,7.298493
1575.1034430887303,49846.03,7.2974925
1575.1238775630118,49849.617,7.2956395
1575.144311837401,49848.836,7.2965713
1575.1647462119436,49856.406,7.2955494
1575.1851806866325,49844.547,7.299064
1575.205614961429,49845.938,7.2968407
1575.2260494363509,49845.293,7.297654
1575.2464838114174,49870.367,7.2962117
1575.2669180866214,49834.8,7.2963977
1575.2873525619507,49847.49,7.300262
1575.3077869374247,49854.97,7.293576
1575.328221213007,49855.867,7.2958927
1575.3486556887437,49844.64,7.297354
1575.369090064596,49852.906,7.2952647
1575.3895245405874,49857.344,7.2979736
1575.409958816701,49847.14,7.2941356
1575.4303931929608,49851.383,7.296512
1575.4508276693305,49848.68,7.2956004
1575.4712620458522,49849.996,7.2965684
1575.4916963224896,49856.566,7.2959867
1575.5121307992667,49846.523,7.2950315
1575.5325651761668,49851.29,7.2991195
1575.5529994532117,49845.79,7.296723
1575.5734339303672,49840.797,7.2970586
1575.5938683076747,49848.867,7.2954035
1575.6143026850914,49852.18,7.2935925
1575.6551713403169,49847.074,7.297226
1575.675605818149,49855.617,7.2951884
1575.6960401960896,49850.945,7.2992897
1575.7164744741822,49852.97,7.293616
1575.7369089523854,49846.016,7.295019
1575.7573433307407,49846.324,7.294778
1575.777777809184,49846.9,7.2940145
1575.7982120878005,49844.805,7.297712
1575.8186464664977,49853.758,7.2974143
1575.8390809453776,49866.586,7.2995825
1575.859515224336,49848.4,7.2956324
1575.879949603448,49856.402,7.295287
1575.9003840827063,49844.965,7.295635
1575.9208183620794,49858.062,7.2958
1575.9412527415625,49854.473,7.2987127
1575.961687221199,49846.844,7.2966533
1575.9821215009433,49859.62,7.296769
1576.0025559808419,49850.992,7.297529
1576.022990360856,49855.688,7.29925
1576.0434247409794,49856.51,7.297737
1576.0638591212555,49858.28,7.2966313
1576.084293501648,49860.453,7.2942295
1576.1047278821788,49849.457,7.2961154
1576.1251622628333,49866.137,7.294399
1576.1455966436042,49851.05,7.295124
1576.1660310245134,49848.188,7.2955904
1576.186465505547,49855.594,7.294586
1576.2068997867245,49853.49,7.297741
1576.2273342680128,49851.688,7.2981186
1576.247768649453,49859.1,7.2963686
1576.26820293098,49835.71,7.296543
1576.2886374126465,49864.637,7.2964263
1576.3090716944644,49858.797,7.2992682
1576.3295060763703,49844.8,7.299605
1576.3499405584444,49844.766,7.29549
1576.3703748406115,,
1576.3908093229256,49857.27,7.297018
1576.4112437053482,49852.035,7.296624
1576.4316779879227,49856.836,7.295926
1576.4521124706152,49851.902,7.297548
1576.4725468534161,49858.785,7.2948213
1576.492981136369,49850.34,7.297076
1576.51341561944,49847.617,7.2957454
1576.5338500026191,49829.54,7.2923164
1576.554284385922,49863.17,7.2953925
1576.5747187693632,49846.17,7.2969356
1576.595153152928,49847.332,7.2944756
1576.6155876366392,49862.957,7.297507
1576.6360219204653,49851.42,7.2970304
1576.6564563044012,49861.316,7.297456
1576.6768907884907,49860.152,7.2966423
1576.6973251726595,49851.57,7.2973995
1576.7177594569803,49857.742,7.2940907
1576.7381939414481,49864.6,7.2997036
1576.7586283259952,49848.453,7.2960553
1576.7790627107242,49866.703,7.2993646
1576.7994970955406,49836.98,7.2956514
1576.819931480466,49845.477,7.2947087
1576.840365965545,49860.95,7.2961216
1576.860800250739,49848.387,7.296667
1576.8812346360428,49850.59,7.295348
1576.9016691215002,49854.863,7.2967005
1576.9221034070724,49848.37,7.2968745
1576.9425377927546,49840.863,7.29724
1576.9629721785896,49844.72,7.298606
1576.9834065645118,49853.58,7.298497
1577.003841050573,49872.08,7.296926
1577.0242753367565,49847.74,7.2963142
1577.0447097230863,49856.914,7.2967257
1577.0651442094968,49854.543,7.2955728
1577.0855784960586,49865.62,7.295995
1577.1060128827376,49864.652,7.296306
1577.1264473695555,49856.21,7.294155
1577.1468816564666,49855.32,7.2954226
1577.1673161435247,49856.74,7.2948356
1577.1877505306911,49858.484,7.2987
1577.2081848179805,49853.508,7.298044
1577.228619305417,49845.55,7.29679
1577.2490536929618,49864.58,7.2993226
1577.2694880806011,49865.41,7.2991
1577.2899224684152,49871.727,7.297537
1577.3103568563092,49860.465,7.2982187
1577.330791244356,49848.94,7.29734
1577.351225732491,49845.72,7.296027
1577.3716600207626,49856.758,7.2954907
1577.3920945091595,49848.164,7.297138
1577.4125288976938,49867.137,7.2964463
1577.432963186322,49866.105,7.296787
1577.4533976750972,49855.527,7.2965245
1577.473832063959,49857.88,7.296223
1577.4942663529582,49862.586,7.2933025
1577.5147008421118,49861.023,7.2972283
1577.5351352313446,49866.66,7.2965894
1577.5555696207302,49852.848,7.295219
1577.5760040102032,49861.516,7.296223
1577.5964382998209,49852.848,7.295828
1577.6168727895492,49848.258,7.291764
1577.6373071794005,49864.703,7.2953362
1577.6577414693675,49838.496,7.296923
1577.6781759594742,49857.36,7.2956157
1577.6986103497038,49855.99,7.295485
1577.7190447400499,49846.707,7.2911158
1577.739479130476,49847.1,7.2945733
1577.7599135210548,49870.9,7.297132
1577.7803480117727,49850.875,7.2931256
1577.8007823025837,49850.027,7.2959156
1577.8212166935118,49851.254,7.2950544
1577.841651184579,49848.17,7.296698
1577.86208557574,49858.48,7.2981224
1577.8825198670456,49855.453,7.296803
1577.902954358462,49847.01,7.294802
1577.9233887500013,49867.098,7.2970448
1577.943823141657,49850.64,7.2966657
1577.964257533422,49849.19,7.296087
1577.9846919253105,49868.27,7.2959146
1578.0051263173154,49866.49,7.2959814
1578.0255607094587,49856.72,7.295122
1578.0459951016965,49855.53,7.2939734
1578.0664295940805,49862.266,7.2966585
1578.0868638865431,49855.895,7.2967753
1578.1072982791593,49845.82,7.293179
1578.1277327718926,49859.707,7.2962313
1578.1481670647336,49861.414,7.297532
1578.1686015576997,49865.625,7.296753
1578.1890359507815,49845.05,7.295443
1578.2094702439717,49845.836,7.2911167
1578.2299047372871,49845.59,7.295
1578.2503390307174,49854.37,7.2947087
1578.2707734242576,49857.574,7.2963805
1578.2912079179223,49855.516,7.2927794
1578.3116422117018,49860.605,7.2899895
1578.3320767056211,49843.926,7.293761
1578.3525110996634,49852.95,7.2954946
1578.3729453937922,49863.72,7.294385
1578.3933798880316,49848.04,7.295404
1578.4138142824231,49847.88,7.2932367
1578.434248676902,49857.46,7.29197
1578.4546830715044,49854.64,7.2976165
1578.4751174662306,49939.8,7.313678
1578.4955518610877,49848.965,7.292241
1578.515986256025,49832.94,7.29073
1578.536420651115,49848.066,7.2921405
1578.556855146293,49849.543,7.290522
1578.5772895416085,49851.73,7.2927933
1578.5977238370324,49860.355,7.291004
1578.6385927282245,49856.387,7.2910223
1578.6590270239976,49848.598,7.2910986
1578.6794615198887,49845.832,7.293239
1578.6998959158882,49853.66,7.290581
1578.720330211996,49841.83,7.2944517
1578.7407647082437,49840.723,7.291844
1578.761199104585,49845.67,7.2934704
1578.7816336010728,49852.504,7.290729
1578.8020678976463,49857.492,7.294346
1578.8225022943298,49864.523,7.2894707
1578.8429367911522,49857.21,7.295076
1578.8633710880822,49851.945,7.294803
1578.8838054851221,49860.363,7.2934585
1578.9042398822785,49853.258,7.290431
1578.9246742795513,49850.06,7.292291
1578.945108776934,49865.637,7.292814
1578.9655430744388,49850.12,7.291008
1578.985977472039,49853.42,7.2895927
1579.0064119697781,49860.23,7.289661
1579.0268462676177,49854.504,7.2887025
1579.047280665567,49860.715,7.285413
1579.067715163641,49858.79,7.287513
1579.0881495618305,49843.316,7.2878113
1579.1085838601284,49843.793,7.292415
1579.129018358537,49841.3,7.2900352
1579.1494527570758,49845.902,7.288324
1579.1698871557237,49846.895,7.2912707
1579.1903215544662,49856.375,7.2886524
1579.2107559533397,49853.637,7.2867694
1579.2311904523085,49843.39,7.2898955
1579.251624751414,49860.996,7.2891574
1579.2720591506222,49856.645,7.2909584
1579.2924936499403,49847.98,7.2882843
1579.312927949366,49850.625,7.286519
1579.3333624489023,49851.074,7.291552
1579.3537968485762,49846.08,7.2864203
1579.3742311483365,49847.695,7.289015
1579.3946656482294,49869.043,7.2892375
1579.4151000482307,49854.3,7.2892766
1579.4355343483257,49861.223,7.2877192
1579.4559688485606,49852.098,7.289719
1579.4764032488893,49860.24,7.287586
1579.4968375493336,49852.55,7.2875276
1579.5172720498958,49850.594,7.284768
1579.5377063505512,49832.727,7.291199
1579.5581408513463,49852.22,7.285751
1579.5785752522352,49850.418,7.2874537
1579.5990096532332,49853.66,7.291075
1579.6194440543477,49857.2,7.288371
1579.6398784555786,49855.297,7.290274
1579.6603128569186,49856.035,7.285286
1579.6807472583678,49856.78,7.289248
1579.701181659926,49849.605,7.290887
1579.7216161615943,49866.645,7.28791
1579.7420505633781,49851.59,7.2883573
1579.7624848652777,49855.223,7.2856045
1579.7829193672878,49846.195,7.289738
1579.8033537693918,49864.37,7.285847
1579.8237880716042,49846.508,7.286045
1579.8442225739418,49846.88,7.287941
1579.864656976395,49849.87,7.288649
1579.885091278964,49844.89,7.2882705
1579.9055257816144,49849.168,7.2892923
1579.9259601844024,49851.113,7.2852745
1579.9463946872856,49863.758,7.291362
1579.9668289902766,49850.074,7.291471
1579.9872633933992,49864.29,7.2897043
1580.0076978966026,49847.9,7.288596
1580.0281321999282,49846.797,7.2853484
1580.0485666033564,49857.457,7.2892804
1580.0690011068946,49838.703,7.291027
1580.0894354105549,49850.047,7.289355
1580.1098698143178,49855.26,7.2856207
1580.1303043181906,49868.55,7.286473
1580.150738622171,49851.477,7.285568
1580.1711731262549,49857.766,7.2880974
1580.1916074304463,49862.035,7.2856884
1580.2120418347622,49868.67,7.2841625
1580.2324763391807,49848.863,7.285575
1580.2529106436923,49856.387,7.2916613
1580.2733450483283,49846.996,7.2889557
1580.293779553067,49855.848,7.2862415
1580.314213957914,49853.62,7.289314
1580.3346483628848,49850.348,7.289026
1580.3550827679428,49852.523,7.291041
1580.37551717311,49850.85,7.289847
1580.3959515783863,49864.9,7.288969
1580.416385983779,49852.746,7.290284
1580.436820389281,49849.8,7.288328
1580.4572548948781,49861.812,7.284524
1580.4776892005902,49859.184,7.2865915
1580.4981236063977,49871.492,7.289085
1580.5185581123296,49861.793,7.2843246
1580.5389924183619,49850.445,7.285599
1580.5594269245048,49845.254,7.284098
1580.5798613307416,49842.96,7.289188
1580.600295637094,49853.83,7.288539
1580.620730143557,49863.996,7.2899275
1580.641164550114,49857.758,7.289075
1580.6615988567864,49859.125,7.2890725
1580.6820333635696,49867.945,7.285928
1580.7024677704612,49860.395,7.289322
1580.7229022774627,49861.934,7.2831545
1580.7433365845427,49861.6,7.28782
1580.7637709917544,49857.254,7.285198
1580.7842054990615,49860.24,7.2849503
1580.8046398064762,49869.062,7.29103
1580.825074214008,49864.16,7.2908373
1580.8455086216272,49866.61,7.2891936
1580.86594302937,49851.297,7.2879744
1580.886377437193,49841.94,7.2890573
1580.9068118451396,49869.58,7.287114
1580.9272462531953,49852.07,7.290635
1580.9476807613537,49860.066,7.289387
1580.9681151696059,49859.2,7.285745
1580.9885494779664,49884.395,7.2940683
1581.008983986445,49851.742,7.285603
1581.0294183950027,49866.207,7.2873926
1581.0498527036834,49852.824,7.2876215
1581.0702872124675,49860.3,7.287645
1581.09072162136,49870.168,7.2882223
1581.1111561303478,49860.21,7.285244
1581.1315904394505,49853.49,7.286157
1581.1520248486486,49853.832,7.2872305
1581.1724593579565,49855.625,7.2872543
1581.1928936673648,49859.38,7.283493
1581.213328076883,49862.86,7.286595
1581.2337625864966,49861.496,7.283784
1581.2541968962105,49861.3,7.2890263
1581.2746313060343,49864.21,7.286767
1581.295065815968,49865.46,7.289443
1581.3155001259875,49862.746,7.2874393
1581.3359346361176,49861.625,7.28453
1581.3563690463707,49861.79,7.2901354
1581.376803456711,49876.023,7.291377
1581.397237867146,49862.246,7.28096
1581.4176722776901,49852.49,7.2870274
1581.4381066883361,49850.945,7.2858653
1581.4585410990912,49842.633,7.288717
1581.478975509941,49867.1,7.282724
1581.4994099209216,49863.668,7.2854643
1581.5198443319532,49870.94,7.290295
1581.5402787431376,49855.543,7.2828918
1581.5607131543948,49851.99,7.2840476
1581.5811475657538,49851.34,7.2820573
1586.8327874949828,49849.188,7.2175198
1586.8532220294655,49845.273,7.186387
1586.873656364005,49852.688,7.20679
1586.8940908986333,49836.62,7.203825
1586.9145253333263,49849.758,7.2063017
1586.9349596681059,49836.92,7.209634
1586.9553942029597,49854.89,7.1993036
1586.9758286378928,49848.547,7.20133
1586.9962630728987,49849.36,7.200946
1587.0166975079774,49835.35,7.2124877
1587.037131943136,49847.293,7.20843
1587.0575664783828,49846.543,7.2105365
1587.078000913687,49835.387,7.2141595
1587.0984352490705,49849.883,7.213248
1587.1188697845355,49842.957,7.2090516
1587.1393042200725,49843.344,7.2151604
1587.1597385556815,49849.094,7.218229
1587.1801730913794,49851.75,7.221884
1587.2006075271347,49844.953,7.223402
1587.2210419629773,49849.285,7.2218933
1587.2414763988927,49838.64,7.2283983
1587.2619107348728,49855.793,7.2315774
1587.2823452709417,49845.645,7.229522
1587.30277970709,49846.43,7.2317324
1587.3232140432883,49837.137,7.2298346
1587.34364857959,49860.18,7.233687
1587.3640830159493,49828.285,7.2339954
1587.3845175523893,49840.84,7.2353563
1587.4049518888933,49854.465,7.239943
1587.4253863254853,49847.73,7.236138
1587.4458208621436,49850.035,7.241986
1587.4662551988804,49850.594,7.2465224
1587.5071241725673,49844.52,7.250205
1587.5275585095224,49849.06,7.2494135
1587.5479930465517,49856.758,7.247989
1587.568427483653,49856.47,7.253751
1587.5888619208345,49851.785,7.254459
1587.6092963580668,49850.58,7.2521644
1587.6297307954155,49842.17,7.254087
1587.6501652327934,49838.89,7.2553854
1587.6705996702658,49851.19,7.2534394
1587.6910341078037,49846.1,7.2576094
1587.7114686454443,49859.297,7.2595763
1587.731902983105,49863.33,7.2577233
1587.7523374208758,49845.87,7.2609053
1587.7727719587056,49850.2,7.2629514
1587.7932063966146,49854.734,7.261859
1587.8136407345883,49856.453,7.263774
1587.8340752726508,49856.04,7.262982
1587.8545096107628,49842.395,7.2629733
1587.8749441489563,49850.42,7.266254
1587.8953785872363,49850.23,7.264209
1587.9158129255666,49859.87,7.268176
1587.9362474639638,49849.41,7.2675548
1587.9566819024622,49864.184,7.2667174
1587.9771162410107,49865.785,7.268871
1587.9975507796407,49844.777,7.266958
1588.0179852183282,49849.297,7.269596
1588.038419557095,49858.277,7.270684
1588.0588540959288,49859.902,7.2678275
1588.0792885348492,49859.453,7.2708125
1588.0997230738212,49851.99,7.2701726
1588.1201574128718,49843.703,7.2722197
1588.1405918520104,49856.56,7.272709
1588.1610263911862,49854.496,7.2728505
1588.181460730455,49852.62,7.2722745
1588.2018951697828,49857.973,7.272427
1588.2223297091914,49859.68,7.27399
1588.242764048664,49852.77,7.272384
1588.263198588218,49847.113,7.272546
1588.283633027837,49859.184,7.2745414
1588.304067467514,49869.383,7.2776947
1588.3245019072783,49854.938,7.27652
1588.3449363470936,49857.156,7.27742
1588.365370786989,49858.76,7.275634
1588.3858052269497,49856.38,7.276497
1588.4062396669906,49853.613,7.278173
1588.4266741071042,49851.25,7.2772937
1588.4471086472695,49852.574,7.2771344
1588.4675429874987,49853.22,7.2770486
1588.4879775278168,49853.77,7.2782216
1588.508411868199,49845.215,7.2748275
1588.5288463086472,49849.742,7.2756963
1588.549280849169,49862.5,7.2787137
1588.5697151897475,49846.117,7.277362
1588.5901496304068,49848.902,7.2747073
1588.6105841711324,49850.38,7.277152
1588.6310185119073,49865.24,7.278422
1588.6514530527784,49867.496,7.278067
1588.671887493707,49864.938,7.2778625
1588.6923218347074,49850.246,7.276818
1588.7127563757604,49846.402,7.279618
1588.7331908169072,49858.496,7.277665
1588.7536251581041,49844.188,7.276782
1588.7740596993826,49848.543,7.277787
1588.7944941407186,49865.848,7.277888
1588.8149285821055,49858.78,7.275711
1588.835363023587,49837.082,7.2793517
1588.8557974651267,49838.67,7.274773
1588.8762320067326,49852.9,7.274422
1588.8966663484025,49860.87,7.2800817
1588.917100790146,49850.375,7.2766113
1588.9375353319556,49858.055,7.2796993
1588.95796977383,49881.27,7.2749505
1588.9784041157764,49844.305,7.27696
1588.9988386577752,49863.652,7.2779913
1589.0192730998388,49855.49,7.2781005
1589.0397074419889,49854.395,7.277131
1589.0601419841914,49854.58,7.2745037
1589.0805764264733,49857.156,7.273528
1589.1010109688068,49860.145,7.274597
1589.1214453112188,49849.984,7.274212
1589.1418797536899,49852.637,7.274594
1589.162314196219,49857.605,7.277217
1589.1827486388283,49842.08,7.2737856
1589.2031829815023,49850.49,7.273716
1589.223617524236,49849.145,7.2772055
1589.2440519670345,49850.375,7.2709017
1589.2644865098991,49849.832,7.2753253
1589.284920852835,49860.816,7.2737303
1589.3053552958227,49847.52,7.2708635
1589.3257898388765,49858.25,7.2734323
1589.3462241820162,49848.406,7.273939
1589.366658625193,49855.875,7.276459
1589.387093168465,49839.113,7.272354
1589.4075275117793,49856.293,7.2699485
1589.4279619551598,49862.777,7.2740083
1589.4483964986066,49854.15,7.272755
1589.468830942118,49857.367,7.2739263
1589.489265385695,49863.418,7.2746644
1589.5096998293593,49855.05,7.2762513
1589.5301342730527,49864.785,7.2726846
1589.550568716826,49857.176,7.2692704
1589.571003160665,49851.637,7.2731047
1589.5914376045548,49850.52,7.270401
1589.6118721485254,49873.223,7.274392
1589.6323064925527,49860.59,7.270378
1589.652740936639,49862.332,7.273009
1589.6731754807915,49847.18,7.2715964
1589.693609825008,49840.383,7.268433
1589.7140443692915,49852.043,7.2721233
1589.7344788136252,49852.24,7.2686796
1589.7549131580308,49848.848,7.2657146
1589.7753477025035,49852.973,7.2654033
1589.7957821470263,49847.133,7.2665987
1589.8162164916212,49852.66,7.267234
1589.8570853810088,49862.492,7.2701073
1589.8775199257943,49858.934,7.2715073
1589.89795437063,49843.72,7.257635
1589.918388715545,49849.594,7.266177
1589.9388232605052,49863.113,7.263072
1589.9592577055446,49872.703,7.264702
1589.9796920506342,49855.36,7.264537
1590.0001265957835,49853.094,7.2575455
1590.0205610409976,49854.926,7.261736
1590.040995486277,49856.62,7.264038
1590.0614299316294,49864.863,7.266929
1590.081864377018,49868.965,7.262979
1590.1022989224875,49857.44,7.264419
1590.1227332680137,49853.754,7.264812
1590.1431677135915,49861.242,7.265805
1590.1636022592356,49847.223,7.26423
1590.1840367049517,49846.18,7.2644005
1590.2044710507034,49857.418,7.2583694
1590.2249055965513,49864.242,7.2619996
1590.2453400424274,49858.035,7.2622614
1590.2657743883829,49838.727,7.2591796
1590.2862089343907,49840.332,7.2632008
1590.3066433804634,49866.703,7.252444
1590.3270779265877,49846.707,7.257495
1590.3475122727832,49854.277,7.2596035
1590.3679467190377,49855.793,7.2656684
1590.3883812653585,49866.527,7.259797
1590.408815611714,49862.66,7.26526
1590.429250058136,49844.312,7.2559524
1590.4496845046524,49864.496,7.2537727
1590.470118951198,49869.473,7.2625546
1590.4905534978097,49855.06,7.255174
1590.510987844471,49858.29,7.262541
1590.5314222912057,49862.63,7.258148
1590.551856837992,49844.3,7.2619863
1590.5722911848425,49851.438,7.261877
1590.5927256317373,49862.344,7.258241
1590.6131601787129,49860.715,7.2596226
1590.6335945257233,49853.043,7.2602515
1590.6540289728218,49893.99,7.2587185
1590.674463519972,49838.695,7.257283
1590.6948979671579,49838.625,7.2572165
1590.715332414431,49846.883,7.2579308
1590.735766861726,49856.23,7.2595325
1590.7562013091156,49856.176,7.254373
1590.7766357565342,49857.86,7.2631173
1590.797070204033,49853.66,7.2596908
1590.817504651568,49856.797,7.258663
1590.8379391991912,49852.855,7.2545896
1590.8583735468637,49842.05,7.2601814
1590.8788079945734,49866.43,7.2586613
1590.8992425423712,49865.094,7.254235
1590.9196768901893,49869.266,7.2557817
1590.9401114381035,49847.773,7.258664
1590.960545886046,49857.156,7.2537365
1590.9809802340387,49851.586,7.263092
1591.0014147821275,49845.656,7.2610917
