time,flux,flux_err
1559.2262677426843,,
1559.2467018315729,49642.31,7.0203214
1559.2671360205786,49634.297,7.0231123
1559.2875703097525,49621.297,7.0238442
1559.3080043991067,49622.17,7.020454
1559.3284385886363,49622.902,7.0239015
1559.348872878334,49624.215,7.0214653
1559.369306968154,49630.316,7.025425
1559.3897412582082,49630.293,7.025541
1559.4101754483709,49626.77,7.019719
1559.4306096387154,49636.848,7.019213
1559.4510438292345,49631.42,7.021328
1559.471478019921,49629.13,7.0212274
1559.4919122107895,49631.61,7.022885
1559.5123464017743,49628.598,7.0269666
1559.5327805929846,49620.504,7.022925
1559.5532147842605,49623.11,7.024429
1559.5736489757692,49624.734,7.019806
1559.5940831674452,49619.12,7.023532
1559.6145173593031,49615.047,7.0260816
1559.6349515513357,49635.414,7.027132
1559.6553857434774,49626.18,7.0290103
1559.6758200358017,49618.043,7.0270643
1559.6962541282992,49619.605,7.022055
1559.7166883209647,49618.94,7.0247965
1559.737122613813,49623.02,7.026239
1559.757556706776,49633.16,7.0227923
1559.777990999908,49623.637,7.0257325
1559.7984251932794,49622.17,7.022184
1559.8188592867664,49625.227,7.0244026
1559.839293580364,49619.06,7.0236335
1559.859727774201,49637.176,7.0253115
1559.8801618681537,49624.562,7.0217795
1559.9005961623334,49636.227,7.024034
1559.921030356636,49619.516,7.0234103
1559.9414646510486,49623.29,7.0277815
1559.9618987456997,49646.01,7.025722
1559.9823329405262,49631.746,7.0206804
1560.0027672354627,49641.543,7.023834
1560.0232013305795,49612.715,7.02688
1560.0436355258717,49632.83,7.0232244
1560.064069821332,49631.957,7.0260444
1560.0845039169144,49627.613,7.0235047
1560.1049382127312,49640.15,7.027103
1560.1253724086564,49628.06,7.024232
1560.1458065047627,49623.855,7.0282197
1560.166240800987,49636.21,7.028092
1560.186674997436,49625.36,7.0219526
1560.207109094008,49633.74,7.0265317
1560.2275433907562,49621.977,7.0230765
1560.247977587671,49643.664,7.028748
1560.2684116847668,49619.57,7.0261116
1560.2888459819806,49623.195,7.0263405
1560.3092801794191,49632.836,7.0282836
1560.3297143769814,49632.023,7.0293345
1560.3501485746601,49644.203,7.028012
1560.3705827725644,49627.24,7.025661
1560.391017070593,49633.176,7.0278053
1560.411451168853,49631.332,7.0277863
1560.431885367223,49626.09,7.0269613
1560.4523196657174,49619.812,7.024917
1560.472753764443,49629.03,7.025695
1560.4931880632794,49645.973,7.027498
1560.5136222622968,49627.527,7.026335
1560.5340563614882,49635.21,7.0260143
1560.5544906608484,49634.734,7.026862
1560.5749248603315,49608.76,7.0277214
1560.5953589599885,49618.07,7.029432
1560.6157932598144,49637.984,7.0304956
1560.6362274598214,49636.934,7.0261683
1560.6566616599448,49627.582,7.0271783
1560.6770958602938,49633.867,7.030866
1560.6975300607664,49631.88,7.031584
1560.7383984621702,49634.7,7.0262065
1560.7588326631085,49635.96,7.025935
1560.779266964215,49628.18,7.0244884
1560.7997010655017,49626.746,7.0284123
1560.820135266964,49624.055,7.0302196
1560.840569568536,49636.8,7.0148706
1560.9631747814856,49643.086,6.87803
1560.9836088841694,49632.08,7.0143933
1561.0040431870293,49666.586,7.031478
1561.0244773900558,49639.812,7.0213976
1561.044911693265,49677.715,7.0329614
1561.0653457966473,49631.496,7.02102
1561.0857800001395,49642.973,7.029935
1561.1062143038143,49635.906,7.0297856
1561.1266484076623,49639.957,7.020734
1561.1470826116201,49680.75,7.0421004
1561.1675169158189,49625.145,7.029992
1561.1879510200743,49626.26,7.0303874
1561.208385224556,49634.258,7.028266
1561.2288195292203,49640.812,7.027881
1561.2492536339996,49628.094,7.0296555
1561.2696879388895,49659.47,7.0397315
1561.2901221440188,49636.906,7.034029
1561.3105563492645,49642.215,7.0308614
1561.3309905546776,49620.92,7.0301666
1561.3514247602725,49640.848,7.0342073
1561.371858966042,49649.72,7.0304217
1561.3922931719208,49640.098,7.0298247
1561.4127273779814,49635.6,7.035041
1561.4331616841519,49639.336,7.033299
1561.453595790561,49635.4,7.035672
1561.4740299970872,49635.742,7.0338626
1561.4944642037299,49621.383,7.0320344
1561.514898410598,49632.33,7.036569
1561.53533261759,49625.504,7.0327654
1561.55576692475,49630.754,7.03586
1561.5762010320323,49619.156,7.034552
1561.596635239548,49620.62,7.0343156
1561.617069547181,49622.938,7.035515
1561.6375036549216,49622.418,7.033197
1561.6579379629038,49654.715,7.036716
1561.6783721709944,49651.24,7.034459
1561.6988062792661,49630.875,7.0309415
1561.7192405876558,49626.96,7.036116
1561.7396747962193,49634.47,7.034791
1561.7601089049494,49630.766,7.03572
1561.780543213863,49620.668,7.0351458
1561.800977422885,49636.93,7.0304847
1561.8214117320895,49630.195,7.033636
1561.8418458414671,49638.344,7.032687
1561.862280050962,49623.836,7.031232
1561.882714360625,49635.867,7.030638
1561.9031484704683,49629.05,7.033877
1561.9235826804215,49630.234,7.033839
1561.9440169905574,49619.44,7.032236
1561.9644511008664,49630.625,7.0324235
1561.9848853112926,49629.695,7.035012
1562.0053196218869,49641.62,7.035504
1562.0257538326623,49620.902,7.034496
1562.046188043605,49642.016,7.035457
1562.0666222546715,49628.375,7.0319104
1562.0870563658536,49634.68,7.0349364
1562.1074906772628,49636.402,7.0345497
1562.127924888795,49653.1,7.036005
1562.148359000501,49636.094,7.0348334
1562.1687933123176,49633.957,7.0344133
1562.1892275243154,49637.24,7.03137
1562.2096618364885,49640.547,7.0335736
1562.2300959488275,49631.746,7.0362473
1562.250530161291,49629.402,7.036034
1562.2709644739298,49628.445,7.0338793
1562.2913985866762,49638.223,7.0342603
1562.3118327996053,49636.86,7.0367646
1562.3322671127098,49624.438,7.034081
1562.352701225922,49629.266,7.0370426
1562.3731355393174,49638.41,7.0364532
1562.3935697528868,49631.55,7.0359077
1562.4140038665646,49629.062,7.03551
1562.4344381804258,49626.574,7.032721
1562.4548723944608,49638.81,7.035909
1562.4753065086043,49643.934,7.0363555
1562.495740822931,49628.164,7.0356812
1562.5161750374318,49637.117,7.035328
1562.5366092520417,49642.727,7.0369678
1562.5570434668334,49638.008,7.0357914
1562.5774776817998,49632.316,7.0362062
1562.597911996876,49644.387,7.0357823
1562.6183461120745,49630.0,7.036026
1562.6387803275065,49621.44,7.0368476
1562.6592146430485,49645.0,7.0371213
1562.6796488587715,49625.625,7.0349283
1562.7000829746103,49638.992,7.0344443
1562.7205172906179,49627.375,7.0353284
1562.7409514067476,49642.477,7.035519
1562.7613857231045,49633.48,7.035808
1562.7818199395842,49632.344,7.0355535
1562.8022540561797,49652.812,7.037692
1562.8226883729512,49633.566,7.0363383
1562.8431225898894,49624.195,7.035274
1562.8635567069505,49636.44,7.0365515
1562.8839910241804,49637.72,7.0367513
1562.9044252415915,49620.895,7.0368905
1562.9248593591183,49645.05,7.0346794
1562.9452936768212,49627.64,7.0354695
1562.9657278946324,49615.15,7.036077
1562.9861622126264,49638.508,7.0354333
1563.0065963307861,49628.387,7.0346665
1563.0270305490703,49628.83,7.0354843
1563.04746486753,49647.47,7.0362515
1563.0678989861044,49653.1,7.0385003
1563.088333204847,49637.332,7.036152
1563.1087675237723,49640.93,7.0346837
1563.1292016428051,49629.53,7.03662
1563.1496359620214,49640.816,7.0377693
1563.1700701814116,49625.992,7.033563
1563.1905044009109,49643.805,7.035787
1563.2109386205339,49629.72,7.036515
1563.2313728403897,49646.14,7.036538
1563.2518070602964,49625.82,7.03456
1563.2722412804433,49638.184,7.036517
1563.2926755007065,49637.875,7.0348625
1563.3131097211372,49628.027,7.036472
1563.3335440416922,49635.023,7.036427
1563.3539781624204,49629.758,7.037861
1563.3744123832585,49635.688,7.0358853
1563.3948466042784,49625.344,7.037731
1563.415280825473,49625.348,7.0361395
1563.4357151467775,49636.812,7.038648
1563.4561492682042,49635.25,7.038494
1563.4765834898644,49627.42,7.0356045
1563.4970178116346,49618.285,7.0357113
1563.517451933527,49632.855,7.036241
1563.5378862555954,49622.89,7.0362244
1563.5583204778304,49641.53,7.037289
1563.5787546001884,49633.508,7.036742
1563.5991889227153,49630.18,7.0354548
1563.619623145365,49633.74,7.0367513
1563.6400572681887,49628.582,7.035125
1563.6604915911303,49634.324,7.036162
1563.6809258142966,49637.438,7.036141
1563.7217942609277,49631.453,7.036238
1563.7422284845088,49631.58,7.0344934
1563.762662808207,49623.977,7.035207
1563.7830969320785,49632.016,7.03546
1563.803531156118,49636.09,7.033563
1563.8239654802237,49626.69,7.037503
1563.8443997045542,49641.707,7.034956
1563.8648338290077,49640.316,7.0370245
1563.8852681536373,49627.36,7.0343547
1563.9057023783753,49632.88,7.03714
1563.9261366032952,49617.23,7.0365314
1563.9465708283315,49641.82,7.0349865
1563.967005053535,49633.652,7.033244
1563.9874392788624,49632.91,7.0373673
1564.0078735043644,49637.883,7.036876
1564.0283077299755,49628.703,7.03571
1564.0487419558267,49635.305,7.0377584
1564.069176181736,49627.945,7.036749
1564.0896105078136,49629.523,7.0337267
1564.1100446340715,49630.38,7.035087
1564.1304788604466,49629.906,7.0349965
1564.1509131869316,49630.848,7.0291953
1564.1713473136551,49627.6,7.035201
1564.1917815404377,49632.99,7.0363703
1564.2122158674174,49631.965,7.0353365
1564.2326499945484,49634.473,7.036047
1564.2530842218257,49622.7,7.0350595
1564.273518549213,49637.957,7.036241
1564.2939526767805,49626.06,7.0345483
1564.314387004495,49626.695,7.033768
1564.334821232318,49632.312,7.0359426
1564.3552553603222,49613.76,7.035582
1564.3756896885025,49629.93,7.034895
1564.396123916791,49636.64,7.0350003
1564.4165581452035,49627.805,7.032495
1564.4369923737904,49632.215,7.0349526
1564.4574266025447,49639.113,7.0355225
1564.4778609314235,49646.16,7.0356164
1564.498295160447,49637.098,7.034687
1564.518729289608,49634.492,7.0353065
1564.5391636189233,49634.977,7.0351667
1564.5595978483761,49644.145,7.0367537
1564.580031977981,49617.87,7.0315228
1564.600466307762,49623.742,7.0330143
1564.6209005376586,49628.17,7.0318804
1564.6413346676636,49623.062,7.034905
1564.6617689978812,49636.273,7.0382366
1564.6822031282136,49627.547,7.0343833
1564.7026374586858,49627.98,7.0351443
1564.7230716893391,49642.57,7.035522
1564.743505820079,49629.125,7.032717
1564.7639401509878,49623.152,7.0282574
1564.7843743820777,49623.71,7.0357075
1564.8048085132832,49629.016,7.0326424
1564.8252428446285,49641.418,7.0315146
1564.8456770761259,49630.926,7.033951
1564.8661114077622,49630.953,7.034204
1564.8865455395498,49634.367,7.035496
1564.9069797714837,49626.066,7.0304794
1564.9274141035567,49643.098,7.036688
1564.9478482357808,49632.41,7.0315247
1564.9682824681513,49640.812,7.034509
1564.9887168006317,49608.355,7.0270777
1565.0091509332924,49639.46,7.0341063
1565.0295851660994,49625.89,7.032079
1565.0500194990454,49644.008,7.032029
1565.0704537321144,49624.08,7.0327196
1565.090887965358,49635.28,7.0302033
1565.1113221987107,49630.42,7.025367
1565.1317564322162,49629.91,7.0295057
1565.1521906658963,49638.56,7.032134
1565.1726248996856,49634.37,7.031846
1565.1930591336277,49627.48,7.033624
1565.2134934677451,49644.14,7.028589
1565.2339276019702,49635.73,7.030554
1565.2543619363496,49640.15,7.03058
1565.2747961708737,49637.23,7.034603
1565.2952303055354,49631.555,7.0310607
1565.3156646403222,49637.164,7.0335307
1565.3360987752822,49630.605,7.0303693
1565.356533010352,49636.895,7.030698
1565.3769673456045,49626.883,7.0337496
1565.397401480972,49637.32,7.0344296
1565.4178357164783,49627.58,7.0320888
1565.4382700521383,49647.227,7.032069
1565.4587041879422,49639.926,7.0307913
1565.479138523886,49638.797,7.0303097
1565.4995727599817,49641.887,7.0303745
1565.5200068962222,49640.625,7.030332
1565.5404412325734,49628.523,7.0307293
1565.5608754691057,49637.71,7.0324235
1565.5813097057544,49627.805,7.0284686
1565.6017439425414,49635.758,7.0290112
1565.6221781794811,49632.496,7.030862
1565.64261251656,49629.223,7.0313144
1565.66304665379,49648.13,7.031723
1565.6834808911663,49629.863,7.0320024
1565.7039152286598,49628.68,7.0334907
1565.7243494663198,49632.867,7.032114
1565.7447836041028,49636.004,7.030736
1565.7652179420256,49648.96,7.0329413
1565.7856521801004,49640.113,7.034717
1565.8060864183208,49627.062,7.027375
1565.8265206566575,49630.25,7.0312448
1565.8469548951325,49635.27,7.02575
1565.8673892337902,49624.85,7.0300336
1565.8878233725554,49628.88,7.0307693
1565.9082576114743,49631.758,7.0300965
1565.9286919505394,49648.195,7.032001
1565.949126089712,49635.24,7.0275106
1565.9695603290675,49643.87,7.0309095
1565.9899945685393,49642.62,7.032787
1566.0104288081493,49633.37,7.0331573
1566.030863147913,49619.54,7.034448
1566.0512972877914,49637.234,7.030671
1566.071731527838,49628.71,7.027846
1566.092165868009,49623.945,7.0310698
1566.1126000083532,49628.598,7.028382
1566.1330342488072,49631.656,7.031028
1566.1534685893857,49624.62,7.0231214
1566.1739027301373,49629.63,7.0293975
1566.1943370709996,49625.152,7.0261865
1566.214771312014,49619.29,7.0299225
1566.2352054531439,49632.01,7.0267954
1566.2556397944718,49631.074,7.030846
1566.2760740358935,49634.645,7.0308714
1566.2965082774608,49635.777,7.030966
1566.3169425191663,49617.617,7.023812
1566.3373767610246,49628.04,7.0317025
1566.3578110029994,49620.93,7.0313263
1566.3782453451422,49625.01,7.028935
1566.3986794874072,49639.656,7.0313234
1566.4191138298193,49639.188,7.0288486
1566.4395480723397,49640.777,7.0260262
1566.4599822150121,49640.375,7.029021
1566.4804165578535,49622.523,7.0296493
1566.5008508008177,49635.574,7.0288515
1566.5212849438976,49626.477,7.030709
1566.5417192871246,49626.223,7.0283914
1566.562153530489,49636.9,7.0322776
1566.5825877740062,49627.71,7.032243
1566.6030220176617,49632.504,7.0301886
1566.6234561614401,49639.03,7.030748
1566.6438905053656,49630.32,7.026389
1566.6643247494358,49613.816,7.0286775
1566.7051932379472,49629.855,7.02366
1566.7256274824176,49653.438,7.027603
1566.7460617270408,49621.074,7.0310063
1566.7664959717804,49637.418,7.023504
1566.7869302166655,49643.855,7.031421
1566.8073645616896,49627.234,7.026624
1566.827798706836,49632.19,7.032745
1566.8482329521212,49649.78,7.0269055
1566.8686672975891,49636.33,7.0309324
1566.8891015431436,49621.355,7.0272746
1566.9095356888429,49640.547,7.0320168
1566.929970034682,49631.16,7.0341587
1566.950404280673,49634.887,7.032023
1566.9708385267732,49644.797,7.029971
1566.9912727730261,49617.855,7.0277452
1567.0117070193955,49636.5,7.0294104
1567.0321412659323,49632.664,7.0301113
1567.0525755125927,49638.285,7.029283
1567.0730097593987,49631.645,7.0217147
1567.0934441063146,49634.83,7.0277305
1567.1138782533817,49620.56,7.0288515
1567.1343126005959,49629.453,7.0278997
1567.1547468479184,49623.684,7.0297775
1567.175180995393,49638.457,7.0305305
1567.1956153430147,49639.22,7.0294013
1567.2160495907447,49641.28,7.030632
1567.2364837386267,49645.992,7.030045
1567.2569180866558,49636.555,7.028641
1567.2773522347925,49647.395,7.029493
1567.2977864830827,49652.227,7.029855
1567.3182208315193,49627.766,7.0303674
1567.3386549800634,49636.418,7.0282116
1567.3590893287328,49634.445,7.027683
1567.379523577576,49627.973,7.0297966
1567.3999577265276,49620.105,7.028015
1567.4203920756336,49633.047,7.029673
1567.4408263248552,49654.17,7.027728
1567.461260574215,49626.918,7.0243154
1567.4816948236985,49623.895,7.028093
1567.5021290733566,49643.254,7.0325966
1567.5225634231247,49632.52,7.02848
1567.5429975730149,49626.484,7.029746
1567.5634318230514,49634.805,7.0319066
1567.5838661731977,49621.5,7.026859
1567.6043004234962,49636.04,7.0272546
1567.6247345739393,49626.285,7.029329
1567.6451689245223,49646.83,7.033102
1567.665603175199,49628.305,7.0268764
1567.6860373260497,49619.29,7.0264897
1567.706471677011,49627.62,7.03072
1567.7269059281243,49636.85,7.0312886
1567.7473402793476,49643.082,7.032122
1567.767774430722,49640.918,7.0328317
1567.7882086822137,49641.863,7.029925
1567.8086430338735,49641.156,7.034219
1567.8290771856264,49638.047,7.034179
1567.8495114375255,49642.66,7.0315113
1567.8699457895636,49635.96,7.0313396
1567.890379941724,49626.797,7.03116
1567.9108142940313,49638.223,7.0313797
1567.9312484464463,49627.92,7.0281305
1567.9516826990148,49631.586,7.033228
1567.9721170517296,49633.902,7.0300927
1567.9925512045593,49637.7,7.0299883
1568.012985457528,49633.223,7.0293894
1568.0334198106211,49616.305,7.0295243
1568.053853963822,49637.047,7.029865
1568.0742882171762,49645.535,7.031537
1568.0947225706768,49625.664,7.028888
1568.1151568242858,49630.33,7.030293
1568.1355910780476,49631.55,7.034773
1568.1560253319549,49643.9,7.0291133
1568.1764595859422,49636.76,7.032435
1568.1968938400823,49648.688,7.0311403
1568.217328094368,49640.773,7.0296597
1568.2377623487919,49643.9,7.029456
1568.2581967033402,49642.457,7.029701
1568.2786308580035,49640.543,7.03088
1568.2990652128065,49635.266,7.0316057
1568.3194994677324,49636.56,7.029113
1568.339933622803,49650.105,7.030177
1568.3603679779844,49639.188,7.0326138
1568.3808022333178,49645.27,7.0290656
1568.4012363887668,49633.86,7.031278
1568.4216707443557,49635.555,7.028987
1568.4421050000965,49625.76,7.032777
1568.4625391559239,49636.496,7.0305176
1568.4829735119201,49640.926,7.0328836
1568.5034077680102,49650.402,7.033713
1568.5238421242684,49642.59,7.0316653
1568.5442762806197,49644.03,7.0355434
1568.5647104371164,49629.39,7.02897
1568.5851447937603,49640.09,7.0333285
1568.6055790505125,49640.62,7.033374
1568.6260133073883,49627.516,7.0313187
1568.6464475644316,49621.7,7.0300922
1568.6668818215694,49621.03,7.030682
1568.6873161788535,49635.0,7.030755
1568.7077503362525,49645.156,7.034191
1568.7281845937905,49640.355,7.0322146
1568.748618951453,49634.223,7.029509
1568.769053209253,49642.363,7.0322266
1568.7894873671758,49640.066,7.033315
1568.8099217252457,49632.47,7.032719
1568.8303559833948,49636.965,7.0309854
1568.850790241726,49633.934,7.0331674
1568.8712245001734,49633.086,7.0311294
1568.89165875873,49625.008,7.0336137
1568.9120931174111,49631.348,7.0307026
1568.9325272762653,49633.79,7.0294733
1568.9529615352003,49641.7,7.0344753
1568.9733958942888,49636.234,7.033935
1568.9938300534923,49650.145,7.0337777
1569.0142643128347,49638.117,7.031021
1569.0346986723016,49621.27,7.0339336
1569.0551328318834,49630.363,7.0332212
1569.075567191605,49631.914,7.0346694
1569.0960014514785,49631.406,7.0292296
1569.1164356114386,49628.69,7.034368
1569.1368699715385,49631.39,7.0337977
1569.1573042317905,49641.867,7.033717
1569.177738392158,49644.86,7.034441
1569.1981727526363,49621.633,7.029757
1569.2186069132367,49641.05,7.0306144
1569.2390412739842,49626.977,7.027752
1569.25947553484,49631.914,7.033413
1569.279909695848,49634.45,7.0321274
1569.3003440569737,49637.52,7.0360494
1569.320778318237,49630.348,7.0308723
1569.341212579624,49637.125,7.031959
1569.3616468411274,49637.89,7.0321326
1569.38208110274,49637.555,7.0333915
1569.4025153645052,49647.664,7.032878
1569.422949626387,49638.477,7.0344152
1569.443383888407,49631.54,7.0319204
1569.4638182505514,49638.145,7.034084
1569.4842525128042,49640.41,7.0327926
1569.50468667518,49635.94,7.0321836
1569.5251210377028,49635.453,7.033299
1569.5455553003412,49649.387,7.031625
1569.5659894631171,49630.348,7.033498
1569.5864238260183,49642.926,7.0335593
1569.6068580890278,49648.734,7.0344167
1569.6272924521618,49644.47,7.034001
1569.6477266154398,49638.61,7.033413
1569.68859524234,49640.426,7.0348263
1569.7090294059963,49630.535,7.032938
1569.7294636697625,49634.223,7.0342298
1569.7498980336823,49619.875,7.034613
1569.7703321976878,49634.06,7.029202
1569.7907664618397,49637.617,7.0349693
1569.8112008261305,49634.58,7.0336
1569.8316349905144,49641.723,7.034031
1569.852069355038,49624.31,7.0338
1569.872503519684,49633.71,7.0329566
1569.892937784447,49638.01,7.0335603
1569.913372149349,49623.37,7.03313
1569.9338063143732,49640.746,7.0326576
1569.9542405795146,49644.457,7.0336576
1569.974674944795,49641.137,7.0328884
1569.9951092101692,49645.316,7.0339556
1570.015543475689,49643.387,7.0324173
1570.0359777413178,49623.855,7.032119
1570.0564120070994,49628.62,7.0323753
1570.0768462729975,49632.883,7.031619
1570.0972805390047,49640.74,7.032891
1570.1177148051356,49628.64,7.0314617
1570.1381491714128,49633.65,7.032964
1570.1585833377976,49635.137,7.033653
1570.1790177042785,49637.188,7.0303535
1570.1994519709333,49647.336,7.0333514
1570.2198861376673,49626.125,7.0313206
1570.2403205045557,49632.336,7.0328584
1570.2607547715597,49640.152,7.0300045
1570.2811889386721,49640.703,7.031554
1570.3016233059388,49649.387,7.0269465
1570.322057573292,49634.19,7.033324
1570.3424917407829,49640.605,7.0338163
1570.3629261083988,49635.555,7.031308
1570.3833603761595,49638.332,7.0313945
1570.4037946440003,49636.88,7.033102
1570.4242289119939,49637.934,7.0329323
1570.4446631801038,49640.08,7.0324125
1570.4650974482938,49641.63,7.034582
1570.4855317166657,49631.535,7.0316024
1570.505965985154,49632.305,7.030981
1570.5264002537224,49628.98,7.0292826
1570.5468345224435,49637.63,7.033287
1570.5672688912746,49629.543,7.0305476
1570.587703060257,49639.656,7.034066
1570.6081373293273,49644.156,7.0344296
1570.6285716985149,49632.902,7.030856
1570.64900596784,49634.74,7.0319757
1570.669440137288,49640.73,7.029918
1570.6898745068465,49622.793,7.0304523
1570.7103087765572,49622.684,7.032237
1570.7307429463544,49628.945,7.0312915
1570.7511773162987,49642.65,7.0337687
1570.7716115863223,49630.727,7.0295205
1570.7920459565285,49640.848,7.033299
1570.8124801268132,49647.582,7.033554
1570.8329143972223,49633.69,7.0313587
1570.8533487677778,49656.668,7.029617
1570.873782938419,49627.875,7.0325437
1570.8942172091993,49639.41,7.0293736
1570.9146515800749,49646.773,7.03175
1570.9350857510872,49637.484,7.0292897
1570.9555201222538,49633.35,7.0327415
1570.975954393507,49635.02,7.0320635
1570.9963885648758,49636.754,7.0327497
1571.0168229363844,49648.754,7.0324717
1571.0372572079868,49635.945,7.029722
1571.0576913797267,49640.54,7.030675
1571.0781257515919,49631.566,7.0291686
1571.0985600235726,49635.664,7.030492
1571.1189941956618,49640.258,7.032013
1571.1394285678762,49635.812,7.028845
1571.1598628402062,49642.848,7.029299
1571.1802971126745,49636.477,7.0312243
1571.2007313852373,49629.883,7.030453
1571.2211656579457,49630.324,7.027047
1571.241599930734,49633.14,7.03006
1571.2620342036753,49641.04,7.0297832
1571.282468476733,49644.28,7.028712
1571.3029027498997,49636.047,7.0277376
1571.32333702319,49636.613,7.0302997
1571.3437713965977,49626.53,7.0255017
1571.3642056701137,49639.15,7.0282497
1571.3846398437527,49639.336,7.028366
1571.4050742175314,49627.176,7.028532
1571.425508491404,49641.875,7.027372
1571.4459426654212,49633.31,7.025221
1571.4663770395273,49623.664,7.030873
1571.4868113137709,49637.63,7.0286546
1571.5072454881083,49653.863,7.0280795
1571.5276798625855,49642.066,7.029667
1571.5481141371856,49637.664,7.0266924
1571.568548511903,49646.047,7.0270505
1571.588982686706,49638.98,7.0296535
1571.609416961648,49640.906,7.0268035
1571.6298513367146,49636.207,7.025977
1571.6502855118888,49638.613,7.0260215
1571.6707197871874,49639.0,7.0293155
1571.6911541626032,49640.027,7.0274167
1571.7115883381339,49627.27,7.025876
1571.7320227137752,49636.758,7.0258737
1571.7524569895395,49650.56,7.0269747
1571.7728911654121,49652.03,7.0248394
1571.79332554141,49643.305,7.026414
1571.8137598175526,49641.91,7.0274816
1571.8341939937527,49636.582,7.0277834
1571.8546283701216,49632.023,7.0283103
1571.8750626465844,49633.613,7.0273747
1571.8954968231556,49637.99,7.024452
1571.915931199852,49647.06,7.0247087
1571.936365476664,49633.812,7.0239706
1571.9567998536004,49635.246,7.0241213
1571.977234030659,49635.777,7.0257254
1571.9976683078057,49641.895,7.0278387
1572.0181026850914,49637.42,7.0218835
1572.0385368624848,49632.29,7.0225472
1572.0589711399953,49632.707,7.0229387
1572.0794055176157,49636.93,7.021727
1572.0998396953582,49640.94,7.0224056
1572.1202740732188,49640.34,7.0219426
1572.1407083511876,49637.742,7.022594
1572.1611425292795,49636.91,7.0246096
1572.1815769074892,49644.184,7.022468
1572.2020111857928,49627.062,7.0258317
1572.2224453642193,49624.547,7.021834
1572.2428797427783,49656.785,7.0248094
1572.2633140214457,49636.418,7.026099
1572.2837483002077,49637.957,7.025631
1572.3041825791151,49625.965,7.0250134
1572.3246168581172,49624.44,7.02301
1572.345051137243,49636.984,7.024168
1572.3654854164706,49651.734,7.020349
1572.385919695822,49629.137,7.024346
1572.406353975297,49631.84,7.025984
1572.4267882548738,49652.152,7.0242558
1572.4472225345598,49645.85,7.0209627
1572.4676568143695,49644.742,7.0201907
1572.4880910942957,49633.504,7.0237823
1572.5085254743317,49624.156,7.0242653
1572.5289597544906,49630.816,7.0231996
1572.5493939347361,49632.367,7.0240755
1572.5698283151214,49637.54,7.0234547
1572.590262595615,49636.836,7.0171113
1572.6106967762244,49638.695,7.026748
1572.6311311569298,49655.492,7.019861
1572.671999618702,49629.914,7.024635
1572.6924339997568,49641.152,7.020756
1572.7128682809343,49640.06,7.0266747
1572.7333026622218,49632.19,7.0225315
1572.7537368436024,49644.69,7.0220184
1572.7741711251292,49637.535,7.0219502
1572.7946055067514,49631.08,7.024197
1572.8150396884957,49641.45,7.020589
1572.8354739703282,49635.004,7.019658
1572.8559083522996,49648.12,7.0266175
1572.876342534364,49646.05,7.0229545
1572.8967769165465,49629.133,7.023386
1572.9172111988519,49627.066,7.0271134
1572.937645381251,49630.12,7.0212145
1572.9580797637682,49641.562,7.0205674
1572.9785140464082,49627.926,7.023346
1572.9989483291574,49630.195,7.020929
1573.0193826120085,49632.21,7.0255938
1573.0398168949832,49632.312,7.0228753
1573.0602510780518,49628.13,7.020058
1573.0806854612674,49626.367,7.0220037
1573.1011197445623,49646.07,7.0275707
1573.121554027981,49638.125,7.0265703
1573.141988311516,49654.19,7.021754
1573.162422595131,49633.395,7.026507
1573.1828569788995,49622.22,7.022634
1573.2032911627539,49638.562,7.025997
1573.2237254467182,49630.72,7.0236325
1573.244159830807,49646.387,7.0238934
1573.264594014996,49648.348,7.0175686
1573.2850283992957,49622.168,7.0243344
1573.3054626837038,49635.31,7.023921
1573.3258968682421,49618.9,7.0212016
1573.3463312528766,49637.34,7.023532
1573.3667655376194,49647.96,7.0227003
1573.3871997224778,49633.453,7.025797
1573.407634107447,49644.35,7.023696
1573.4280683925244,49631.14,7.024817
1573.448502577703,49638.305,7.0251455
1573.4689369630069,49636.59,7.0224724
1573.4893712484045,49647.23,7.026457
1573.5098056339339,49658.926,7.021398
1573.5302398195563,49637.688,7.0214114
1573.5506741052886,49653.13,7.024309
1573.5711084911309,49642.734,7.023949
1573.5915426770807,49637.023,7.02046
1573.6119769631478,49640.152,7.0240273
1573.632411349332,49639.805,7.0234947
1573.65284563561,49649.523,7.02339
1573.6732799220117,49651.758,7.0201874
1573.693714208508,49644.56,7.0235863
1573.7141483951127,49638.125,7.0239825
1573.7345827818353,49631.406,7.018724
1573.755017068659,49637.88,7.0225015
1573.7754512555912,49644.555,7.023241
1573.7958856426485,49629.844,7.0256896
1573.816319929785,49651.42,7.024067
1573.8367541170446,49637.254,7.0175757
1573.8571885044366,49640.387,7.024845
1573.877622791908,49639.555,7.023882
1573.8980571794891,49638.848,7.024271
1573.9184913671852,49637.965,7.021372
1573.9389256549912,49647.605,7.0220075
1573.959360042907,49647.95,7.0241985
1573.9797942309378,49647.305,7.0199833
1574.0002285190349,49642.223,7.0212846
1574.0206629072854,49627.875,7.0246296
1574.0410970956218,49645.46,7.0237846
1574.0615314840688,49638.387,7.0270844
1574.0819657726388,49632.824,7.0256863
1574.1023999612953,49629.152,7.025977
1574.1228343500625,49636.254,7.0232687
1574.1432686389526,49628.438,7.0229783
1574.1637029279445,49634.332,7.022675
1574.184137217031,49633.62,7.023444
1574.2045715062268,49646.344,7.027039
1574.2250057955534,49642.098,7.023611
1574.2454400849601,49638.53,7.026265
1574.265874374476,49629.957,7.02589
1574.2863086641082,49643.863,7.024314
1574.3067430538358,49643.33,7.0254545
1574.3271772436856,49635.94,7.024018
1574.3476115336234,49645.156,7.026882
1574.3680458236704,49636.99,7.0267296
1574.388480113841,49643.836,7.0254555
1574.408914504107,49633.09,7.021973
1574.4293486944807,49635.473,7.0250883
1574.4497830849577,49642.06,7.025875
1574.4702173755359,49639.734,7.0236797
1574.4906515662224,49639.812,7.0243287
1574.511085957034,49637.832,7.0279493
1574.531520247925,49642.31,7.023343
1574.551954438939,49635.92,7.0236692
1574.5723888300417,49633.984,7.0229754
1574.5928231212602,49635.832,7.026554
1574.6132575125885,49632.855,7.0247817
1574.6336917040098,49630.21,7.0246673
1574.654125995541,49651.066,7.0239067
1574.6745603871823,49633.594,7.023986
1574.6949945789092,49648.582,7.023777
1574.715428870768,49634.164,7.0248494
1574.735863262722,49631.348,7.0228677
1574.756297454769,49640.68,7.023742
1574.7767317469406,49641.223,7.026599
1574.7971661392075,49643.902,7.024956
1574.8176004315756,49625.047,7.025119
1574.8380347240527,49640.273,7.0263743
1574.858469016639,49636.344,7.024828
1574.8789033093126,49642.25,7.026452
1574.8993376020953,49656.23,7.028943
1574.9197718950018,49636.113,7.0233383
1574.9402061879955,49640.902,7.0249653
1574.9606404810838,49632.258,7.0252447
1574.9810747742958,49635.094,7.0255313
1575.0015090675952,49630.31,7.022906
1575.0219433610037,49647.844,7.025299
1575.0423776545213,49635.965,7.025092
1575.062812048127,49644.004,7.0255284
1575.0832462418402,49653.344,7.02599
1575.103680535678,49650.22,7.02551
1575.1241149296038,49643.664,7.0247607
1575.1445491236373,49635.72,7.024107
1575.164983417766,49649.5,7.021658
1575.185417812012,49636.15,7.024791
1575.2058520063365,49630.113,7.025842
1575.2262864007862,49638.223,7.0264506
1575.2467206953224,49640.773,7.0242524
1575.267154889967,49630.18,7.024137
1575.2875892847223,49648.09,7.0270276
1575.3080235795642,49648.406,7.026994
1575.328457774529,49633.367,7.0239854
1575.3488921695898,49650.28,7.0249333
1575.3693264647372,49648.895,7.024656
1575.3897608599946,49652.453,7.026911
1575.410195055374,49619.535,7.0229926
1575.430629350827,49636.047,7.025455
1575.45106374639,49641.836,7.025598
1575.4714980420613,49644.004,7.0266237
1575.4919322378264,49648.508,7.025299
1575.5123666337022,49642.242,7.0262465
1575.5328009296718,49638.2,7.0262165
1575.5532351257425,49632.24,7.026105
1575.5736695219239,49644.457,7.026608
1575.5941038181918,49643.9,7.025954
1575.6145381145689,49647.97,7.0280547
1575.6554066076205,49632.195,7.0265636
1575.6758410043112,49637.836,7.0268874
1575.6962753010885,49639.0,7.025314
1575.7167094979668,49629.96,7.026206
1575.7371438949485,49635.57,7.0252857
1575.7575781920386,49642.83,7.0232396
1575.778012589224,49627.32,7.0257044
1575.7984467865026,49636.535,7.0258183
1575.8188810838838,49634.83,7.0257406
1575.8393154813748,49647.473,7.026705
1575.8597496789516,49655.938,7.027351
1575.8801839766384,49644.996,7.027329
1575.9006183744204,49631.03,7.026459
1575.9210525723101,49640.312,7.026784
1575.941486870288,49631.18,7.025115
1575.9619212683756,49637.76,7.025255
1575.982355466549,49629.105,7.0266676
1576.0027898648332,49645.598,7.0260916
1576.0232241632184,49630.04,7.0255065
1576.0436584616982,49638.484,7.0245657
1576.06409276028,49639.277,7.0238934
1576.0845270589634,49630.387,7.0267653
1576.1049613577416,49642.547,7.0256443
1576.1253956566143,49649.285,7.02516
1576.1458299555961,49640.492,7.026658
1576.1662642546653,49647.77,7.02578
1576.1866986538444,49640.344,7.027643
1576.2071328531165,49638.19,7.0240006
1576.227567252492,49650.043,7.027024
1576.248001551954,49647.36,7.0249357
1576.2684357515245,49648.36,7.026724
1576.2888701511984,49624.492,7.0240793
1576.3093043509507,49644.805,7.025649
1576.3297386508202,49621.78,7.025363
1576.3501730507778,49635.684,7.023926
1576.3706072508357,,
1576.3910416510043,49630.414,7.025608
1576.411475951245,49631.926,7.0267324
1576.4319101516012,49645.2,7.0247297
1576.4523445520608,49633.992,7.023981
1576.4727788525997,49634.406,7.023947
1576.493213053247,49634.73,7.024931
1576.5136474539977,49654.137,7.0255294
1576.5340817548276,49618.93,7.0243964
1576.5545160557667,49647.78,7.0284185
1576.5749503568004,49639.402,7.0258617
1576.5953846579287,49644.617,7.0269365
1576.6158190591668,49642.49,7.0265102
1576.6362532604835,49636.99,7.026572
1576.6566875619028,49645.7,7.0257344
1576.677121963432,49629.062,7.025036
1576.6975562650332,49634.566,7.0265574
1576.71799046675,49638.836,7.0252624
1576.738424868563,49625.95,7.022973
1576.7588591704625,49658.35,7.0262194
1576.779293472464,49632.04,7.025436
1576.7997277745671,49652.316,7.0248194
1576.8201620767504,49629.65,7.0240493
1576.8405964790509,49637.85,7.0252275
1576.8610306814298,49633.395,7.0258427
1576.8814649839042,49638.9,7.024831
1576.9018993864956,49639.715,7.0266004
1576.9223335891584,49637.99,7.0245256
1576.9427678919237,49646.71,7.0234766
1576.963202194791,49632.438,7.0254946
1576.9836364977527,49643.473,7.0244827
1577.00407090081,49642.207,7.0254936
1577.02450510396,49644.93,7.0235248
1577.0449394071984,49627.75,7.0233803
1577.0653738105393,49658.543,7.024686
1577.085808013966,49634.13,7.0238967
1577.1062423175026,49632.934,7.0222783
1577.1266767211273,49640.457,7.024415
1577.147110924845,49626.277,7.0237303
1577.1675453286662,49639.996,7.0228972
1577.1879796325738,49633.414,7.0245476
1577.208413836568,49633.01,7.0224924
1577.228848240673,49638.81,7.0222964
1577.2492825448644,49647.316,7.023341
1577.2697168491504,49641.41,7.024898
1577.290151153531,49636.555,7.022592
1577.310585457999,49637.684,7.024958
1577.3310197625688,49630.355,7.024096
1577.3514541672412,49636.0,7.024024
1577.3718883719848,49624.52,7.023059
1577.3923227768464,49637.35,7.022819
1577.4127570817873,49627.254,7.024817
1577.4331912868147,49623.906,7.019928
1577.4536256919528,49641.773,7.023429
1577.4740599971774,49634.312,7.022432
1577.4944942024886,49636.707,7.02369
1577.5149286079104,49640.105,7.021693
1577.5353629134042,49643.707,7.023038
1577.555797219,49637.04,7.0248957
1577.5762315246975,49630.3,7.022611
1577.5966657304743,49640.273,7.0249424
1577.6171001363473,49630.137,7.0236263
1577.637534442314,49672.668,7.0322294
1577.6579686483747,49640.94,7.0221577
1577.6784030545314,49646.32,7.0225916
1577.6988373607746,49636.12,7.022328
1577.7192716671198,49639.633,7.021498
1577.739705973545,49638.316,7.0230155
1577.7601402800647,49638.258,7.0233183
1577.7805746866798,49649.12,7.0234776
1577.8010088933806,49642.195,7.022668
1577.8214432001841,49644.562,7.0237007
1577.8418776070757,49632.24,7.022361
1577.8623119140539,49637.547,7.0235286
1577.882746121133,49646.246,7.0236473
1577.903180528294,49633.312,7.0224714
1577.9236148355485,49645.52,7.020258
1577.944049142905,49640.656,7.020607
1577.9644834503342,49644.535,7.0195675
1577.9849177578726,49648.215,7.020136
1578.0053520654983,49629.207,7.0208683
1578.0257863731968,49632.445,7.020432
1578.0462206810116,49634.188,7.022588
1578.0666550889146,49633.996,7.0247226
1578.0870892968887,49647.184,7.0205126
1578.1075236049655,49638.445,7.0239553
1578.1279580131377,49634.438,7.0212746
1578.1483922213883,49630.29,7.0212874
1578.1688266297424,49632.496,7.0196924
1578.189260938183,49635.082,7.019257
1578.2096951467029,49644.05,7.0227056
1578.2301295553334,49638.305,7.0220966
1578.2505637640352,49627.406,7.0220704
1578.2709980728323,49625.938,7.021793
1578.2914324817248,49644.176,7.0208206
1578.311866690703,49647.996,7.0217133
1578.3323010997701,49647.414,7.0191536
1578.352735408931,49651.914,7.019743
1578.3731696181785,49644.383,7.0205398
1578.3936040275075,49645.203,7.0218134
1578.414038336945,49641.45,7.0198245
1578.4344726464624,49636.832,7.021622
1578.4549069560599,49638.742,7.0210085
1578.4753412657592,49640.562,7.0227933
1578.4957755755531,49636.176,7.021083
1578.5162098854125,49632.73,7.020501
1578.536644195381,49631.656,7.020942
1578.5570786054377,49640.508,7.01952
1578.5775129155736,49629.66,7.018263
1578.5979471258033,49647.68,7.021099
1578.638815846527,49639.27,7.0206466
1578.6592500570114,49641.914,7.0200896
1578.6796844676064,49633.27,7.0176907
1578.7001187782735,49639.156,7.0200186
1578.720552989027,49640.957,7.0173774
1578.7409873998768,49631.125,7.020849
1578.7614217108057,49649.312,7.0213943
1578.7818561218373,49636.477,7.015628
1578.8022903329475,49640.6,7.018192
1578.8227246441384,49633.074,7.0214
1578.843159055432,49645.906,7.020028
1578.863593266804,49639.176,7.0179315
1578.884027578264,49630.32,7.0174074
1578.9044618898115,49646.926,7.0206227
1578.9248962014462,49634.47,7.0174994
1578.9453306131763,49637.703,7.021922
1578.965764824985,49642.93,7.019455
1578.9861991368743,49663.574,7.0202346
1579.0066335488664,49647.906,7.020367
1579.0270677609296,49628.883,7.020859
1579.0475020730883,49644.598,7.016391
1579.0679364853422,49637.145,7.0184536
1579.0883707976682,49631.484,7.0198174
1579.1088050100807,49633.383,7.0160575
1579.1292394225893,49641.656,7.0181303
1579.1496737351845,49632.92,7.0199094
1579.1701080478597,49640.902,7.0155663
1579.1905423606222,49637.426,7.014676
1579.210976673472,49645.613,7.0206113
1579.2314110864027,49625.613,7.017274
1579.2518452994263,49628.844,7.017587
1579.2722796125381,49643.86,7.0193477
1579.2927140257307,49637.105,7.01841
1579.313148239009,49653.19,7.0185366
1579.333582652369,49634.586,7.0172505
1579.3540169658227,49638.76,7.0185905
1579.3744511793557,49644.406,7.0186415
1579.3948855929775,49649.207,7.0204563
1579.415319906686,49637.02,7.0138645
1579.4357541204663,49639.168,7.016255
1579.45618853435,49639.34,7.017434
1579.4766228483131,49661.305,7.020385
1579.4970570623555,49636.812,7.0189557
1579.517491476494,49643.832,7.017264
1579.5379256906963,49642.87,7.018379
1579.558360105002,49640.656,7.0140123
1579.5787944193871,49642.973,7.016651
1579.5992287338522,49640.05,7.0197086
1579.619663048412,49643.17,7.0121183
1579.6400973630516,49639.355,7.0175223
1579.6605316777714,49642.633,7.0190296
1579.6809659925857,49625.785,7.019353
1579.7014003074655,49640.6,7.017146
1579.721834722448,49644.277,7.0170183
1579.7422690375024,49637.977,7.0155015
1579.7627032526507,49628.5,7.014932
1579.7831376678732,49639.293,7.016055
1579.8035719831823,49640.207,7.015769
1579.8240061985707,49631.844,7.0133634
1579.844440614048,49631.785,7.0146456
1579.8648749296117,49630.582,7.0147595
1579.885309145262,49636.773,7.0138445
1579.9057435609793,49638.92,7.0153456
1579.9261778767977,49644.727,7.014041
1579.9466122926824,49640.965,7.015429
1579.9670465086601,49637.266,7.011994
1579.987480824726,49645.64,7.0135813
1580.007915240858,49651.11,7.015829
1580.028349457083,49624.76,7.0134587
1580.048783773389,49640.06,7.0135813
1580.069218189783,49644.797,7.011904
1580.0896524062555,49638.617,7.0127716
1580.1100867228088,49641.57,7.0166974
1580.1305211394429,49634.09,7.0165243
1580.1509553561555,49640.64,7.0159683
1580.1713897729642,49639.586,7.0150757
1580.1918239898368,49642.375,7.0174756
1580.2122583068049,49634.902,7.015202
1580.232692723861,49642.242,7.012696
1580.2531269409737,49640.047,7.0115337
1580.2735612581891,49643.93,7.012086
1580.2939956754853,49642.137,7.0188093
1580.3144299928535,49647.625,7.0124702
1580.3348643103163,49640.887,7.0136547
1580.3552986278446,49638.312,7.011913
1580.3757329454602,49629.793,7.010214
1580.3961672631558,49640.22,7.01159
1580.416601580946,49652.473,7.0127163
1580.4370358988017,49641.8,7.0125155
1580.4574703167455,49642.242,7.011377
1580.4779045347677,49634.133,7.0109677
1580.4983388528563,49643.273,7.016473
1580.5187732710547,49641.875,7.0100436
1580.5392074893098,49641.934,7.013512
1580.5596419076537,49633.375,7.012798
1580.5800762260842,49632.477,7.008383
1580.6005104445867,49635.914,7.017171
1580.6209448631707,49662.15,7.014688
1580.641379181834,49636.28,7.012232
1580.661813400584,49638.07,7.0161495
1580.682247819408,49637.74,7.010219
1580.7026821383115,49643.215,7.0133934
1580.7231165572957,49635.15,7.0112495
1580.7435507763585,49651.535,7.014425
1580.763985095502,49628.4,7.013139
1580.7844195147263,49627.426,7.0083795
1580.8048537340292,49638.688,7.01453
1580.8252880534128,49646.203,7.011592
1580.8457223728765,49634.62,7.0104322
1580.866156692413,49635.87,7.01458
1580.8865910120294,49640.77,7.0106397
1580.907025331726,49636.16,7.0102463
1580.9274596515097,49640.57,7.009768
1580.9478940713743,49637.188,7.011982
1580.9683283913037,49643.387,7.0148354
1580.9887626113123,49650.09,7.0110707
1581.009197031417,49657.574,7.0111103
1581.0296313515792,49637.227,7.0086966
1581.0500655718279,49636.664,7.0103507
1581.0704999921654,49643.254,7.0158844
1581.0909343125604,49643.137,7.0077
1581.111368733058,49636.96,7.009602
1581.1318029536124,49643.992,7.0050783
1581.1522372742475,49643.16,7.0073485
1581.1726716949706,49645.176,7.0105023
1581.193105915765,49647.016,7.0094724
1581.2135402366403,49631.797,7.0147414
1581.233974657589,49643.066,7.0131345
1581.2544088786235,49647.01,7.01152
1581.274843199717,49639.707,7.007445
1581.295277620913,49641.477,7.009482
1581.315711842166,49647.566,7.0082874
1581.3361462635075,49643.58,7.0095034
1581.3565805849285,49646.17,7.0141287
1581.3770149064148,49634.832,7.00988
1581.3974492279885,49662.375,7.0148354
1581.4178835496277,49641.93,7.0139613
1581.4383178713615,49627.44,7.0111804
1581.4587521931462,49634.285,7.011344
1581.4791865150328,49649.535,7.0107393
1581.4996208369848,49639.008,7.0101314
1581.5200551590096,49653.63,7.014334
1581.5404894811218,49641.258,7.0098915
1581.5609238032994,49631.863,6.980285
1581.581358125557,49626.723,7.000995
1586.8329743242357,49655.344,6.927361
1586.8534087632725,49654.027,6.8966274
1586.873843002366,49646.293,6.9318953
1586.8942774415118,49647.562,6.9283953
1586.9147117806933,49654.08,6.922496
1586.9351460199323,49656.766,6.928883
1586.9555804592528,49648.566,6.9311843
1586.976014798609,49659.098,6.9285917
1586.9964491380233,49665.68,6.935242
1587.0168834774595,49666.16,6.934771
1587.0373178169903,49664.81,6.9392853
1587.05775225658,49648.016,6.9287353
1587.0781865961617,49652.43,6.939829
1587.0986208358663,49649.777,6.941692
1587.1190552755725,49652.285,6.938946
1587.139489615358,49649.492,6.941822
1587.159923855179,49657.18,6.952828
1587.1803582950888,49651.617,6.95243
1587.2007926350198,49658.41,6.952721
1587.221226974987,49649.668,6.9478636
1587.2416613150417,49654.46,6.954941
1587.2620955551174,49651.67,6.9518414
1587.2825299952892,49658.504,6.9544554
1587.3029643354603,49633.547,6.954132
1587.3233985757106,49654.016,6.956226
1587.343833016028,49649.14,6.9622326
1587.3642673563736,49630.316,6.961596
1587.384701796771,49646.23,6.9611506
1587.4051360372323,49649.35,6.9659758
1587.4255703777526,49651.934,6.9695344
1587.4460048182955,49653.82,6.9686294
1587.4664390589023,49656.22,6.970353
1587.5073078402856,49655.36,6.975399
1587.527742081038,49651.402,6.972682
1587.548176521872,49639.508,6.972092
1587.5686108627124,49645.555,6.974671
1587.5890452036401,49645.348,6.976576
1587.6094795446188,49651.668,6.9758534
1587.6299138856339,49672.703,6.9804087
1587.6503482267071,49641.24,6.979228
1587.6707825678022,49648.76,6.9802423
1587.691216908992,49647.31,6.982721
1587.7116513502115,49648.91,6.983238
1587.7320855914804,49651.83,6.985461
1587.7525199327865,49644.367,6.9852934
1587.7729543741807,49652.562,6.9839
1587.793388715596,49648.8,6.988529
1587.8138229570468,49644.41,6.98612
1587.8342573985865,49651.492,6.9853945
1587.8546916401465,49649.55,6.9888625
1587.8751260817735,49650.824,6.9888735
1587.895560423458,49646.39,6.992852
1587.9159946651635,49644.82,6.9941325
1587.936429106936,49652.88,6.99419
1587.9568634487368,49636.082,6.9946017
1587.9772976905879,49639.16,6.9942527
1587.997732132535,49650.91,6.996682
1588.0181664744814,49632.63,6.9954505
1588.038600716478,49637.19,6.9940596
1588.0590351585706,49648.227,6.9983273
1588.0794695006625,49643.195,6.99889
1588.0999039428352,49650.652,6.9971185
1588.1203381850428,49641.508,6.9980865
1588.1407725273093,49639.68,6.999817
1588.1612069695984,49656.08,6.999749
1588.1816412119515,49657.984,7.000993
1588.2020755543344,49654.652,7.000595
1588.2225099967982,49638.29,6.999931
1588.2429442392968,49650.387,7.002636
1588.2633786818478,49649.33,7.001972
1588.2838130244345,49644.582,6.9997945
1588.3042473670794,49644.082,7.0021133
1588.3246817097825,49654.72,7.001659
1588.3451160525074,49644.37,7.00215
1588.3655503952978,49650.78,7.0038605
1588.38598473811,49650.445,7.0023694
1588.4064190809877,49645.62,7.0031457
1588.4268534239236,49643.516,7.00292
1588.4472878669112,49651.527,7.0015354
1588.4677221099337,49637.938,7.001326
1588.4881565529868,49645.79,7.0038333
1588.5085907960893,49645.812,7.0045714
1588.529025139258,49654.55,7.0023646
1588.5494595824857,49650.277,7.004369
1588.569893825741,49665.91,7.0061135
1588.590328169019,49640.445,7.0032973
1588.610762612363,49645.94,7.001919
1588.6311968557566,49645.164,7.0019493
1588.6516312992171,49652.543,7.003608
1588.672065642706,49649.75,7.00336
1588.6924998862232,49649.598,7.001986
1588.712934329793,49650.664,7.005246
1588.7333686734273,49651.043,7.0021095
1588.7538029170828,49637.938,7.0015607
1588.7742373608344,49641.098,7.0019665
1588.7946717045852,49643.176,7.003589
1588.815106048387,49658.99,7.0040836
1588.835540392225,49653.883,7.0033455
1588.8559747361505,49654.74,7.0029335
1588.8764091800695,49649.254,7.0010505
1588.8968434240815,49637.598,7.0016932
1588.9172777680942,49650.43,7.0026383
1588.9377122121878,49647.656,6.9994516
1588.958146556317,49647.004,7.0006633
1588.9785808004744,49651.71,7.002587
1588.9990152447135,49655.832,7.0012813
1589.019449588959,49645.574,7.0005717
1589.0398838332621,49647.207,6.9963346
1589.0603182776176,49656.383,7.00121
1589.0807526220087,49640.77,6.995426
1589.1011870664515,49641.598,6.9997597
1589.1216213109292,49669.88,7.0002513
1589.1420556554658,49657.14,6.999233
1589.1624900000315,49648.742,6.998498
1589.1829243446482,49644.887,6.9997435
1589.2033585893005,49656.098,6.998102
1589.2237930340125,49647.742,6.997765
1589.2442273787456,49655.453,7.003335
1589.2646618235449,49649.684,7.000862
1589.2850960683718,49643.473,6.99728
1589.3055304132504,49653.035,6.9997067
1589.3259648581661,49654.117,7.001397
1589.3463991031385,49655.023,6.9998207
1589.3668334481335,49644.617,6.9997993
1589.3872678931948,49643.29,6.9971437
1589.4077021382836,49644.07,6.9962544
1589.4281364834242,49645.1,6.9979167
1589.4485709286018,49651.38,6.9953046
1589.4690052738297,49639.016,6.9955373
1589.489439619094,49645.64,6.997974
1589.5098739644163,49638.297,6.9952393
1589.5303083097679,49648.207,6.9967966
1589.5507426551703,49633.24,6.997209
1589.57117700058,49650.58,6.9982066
1589.5916113460698,49640.305,6.994657
1589.6120457915968,49638.43,6.9986634
1589.6324800371513,49651.188,6.9954987
1589.6529143827647,49649.676,6.9937387
1589.6733488284008,49639.348,6.9966426
1589.6937830741008,49650.613,6.989864
1589.7142175198242,49659.676,6.992162
1589.7346518656122,49640.285,6.9940934
1589.7550861113996,49641.336,6.995646
1589.7755205572685,49642.9,6.992174
1589.795954903173,49652.77,6.990647
1589.8163891491058,49644.516,6.9912605
1589.8572578411113,49643.992,6.9931016
1589.877692287162,49666.824,6.9898767
1589.898126633263,49651.414,6.9974203
1589.9185608794287,49646.676,6.99489
1589.938995325596,49655.504,6.9910593
1589.9594296718133,49642.66,6.9958634
1589.9798639180954,49642.688,6.9922547
1590.000298364408,49644.254,6.9961944
1590.0207327107419,49645.727,6.9944487
1590.0411670571411,49644.062,6.9927115
1590.0616014035695,49651.77,6.9891214
1590.0820357500488,49640.617,6.9913425
1590.1024701965653,49639.1,6.987
1590.1229044431093,49657.85,6.9909105
1590.143338789676,49659.43,6.9956164
1590.1637732363088,49656.11,6.9891167
1590.184207582999,49652.855,6.9928393
1590.2046418296813,49650.973,6.9897246
1590.2250762764597,49653.777,6.990046
1590.2455106232374,49652.297,6.9899592
1590.2659448700651,49650.656,6.9941554
1590.2863793169308,49644.805,6.9926386
1590.3068136638467,49663.38,6.9911017
1590.3272481107997,49630.535,6.993345
1590.3476823577803,49651.07,6.9937615
1590.3681167048198,49645.453,6.9907117
1590.3885511518529,49648.004,6.9887605
1590.4089853989499,49649.387,6.9913387
1590.4294197460986,49647.977,6.993962
1590.4498540932836,49656.13,6.9919324
1590.4702884404978,49656.9,6.989488
1590.4907228877637,49649.227,6.9888086
1590.5111571350644,49641.797,6.98859
1590.531591482395,49627.754,6.993579
1590.5520259297773,49651.812,6.989548
1590.5724601771653,49640.92,6.990681
1590.5928945246123,49660.785,6.991875
1590.613328972111,49656.688,6.9875474
1590.6337632196446,49640.68,6.9825177
1590.654197567208,49637.617,6.9854126
1590.674632014794,49635.438,6.989747
1590.6950663624448,49655.76,6.9910145
1590.7155007101246,49644.93,6.987659
1590.7359350578263,49672.086,6.989735
1590.7563694055934,49641.285,6.992074
1590.7768037533606,49659.145,6.9899187
1590.7972381012078,49646.0,6.989926
1590.8176724490622,49642.715,6.9859853
1590.8381068969757,49655.625,6.9875426
1590.8585411448803,49640.883,6.990452
1590.8789754928512,49650.465,6.992467
1590.899409940881,49644.348,6.992825
1590.9198441889312,49641.3,6.9916654
1590.9402786370192,49643.73,6.99376
1590.9607129851356,49647.133,6.9823008
1590.981147233273,49653.152,6.99115
1591.0015816814775,49650.535,6.9942694
