time,flux,flux_err
1559.2258894072656,,
1559.2463232866648,14082.421,4.98227
1559.2667572661812,14076.155,4.988472
1559.287191345924,14089.068,4.990681
1559.3076252257888,14099.5625,4.988164
1559.3280592060037,14087.343,4.9859653
1559.3484932863284,14090.312,4.992653
1559.3689271668918,14086.224,4.9884987
1559.389361247806,14084.752,4.9855394
1559.409795228712,14093.455,4.9878716
1559.4302292099746,14086.446,4.9918594
1559.45066319147,14090.39,4.9922132
1559.4710971730747,14097.275,4.9920096
1559.4915311549194,14093.1045,4.989205
1559.5119651369969,14088.719,4.9952826
1559.5323991193,14097.33,5.000722
1559.5528331018431,14089.429,4.99735
1559.5732670845027,14089.205,4.9920287
1559.5937010673879,14095.059,4.9959836
1559.6141350506296,14090.196,4.9927936
1559.6345690339876,14097.959,4.997017
1559.6550030174549,14084.13,5.001821
1559.6754371012794,14095.668,4.9954014
1559.6958709852188,14089.527,5.001105
1559.716304969501,14090.449,4.9994082
1559.7367390539075,14093.65,4.9923005
1559.7571729385454,14088.238,4.9987254
1559.777607023294,14095.071,5.002242
1559.7980410083983,14087.782,5.005571
1559.8184748936183,14100.7705,5.006061
1559.8389089790653,14101.237,5.0055914
1559.8593429647517,14089.741,5.0017676
1559.8797768506702,14091.294,5.0073714
1559.9002109368157,14091.41,5.005018
1559.9206449230842,14099.31,5.00241
1559.941079009579,14089.674,5.0052423
1559.9615128964288,14096.067,4.998008
1559.9819468832793,14093.89,5.0054846
1560.0023809704726,14096.903,5.0035996
1560.0228148579045,14092.753,5.0088735
1560.0432488454535,14090.956,5.0060654
1560.0636829332288,14090.658,5.0052257
1560.0841168212428,14091.539,5.0070834
1560.104550909491,14083.465,5.0061707
1560.1249848979642,14105.882,5.005984
1560.1454187865602,14092.685,5.006511
1560.1658528753906,14108.445,5.0100403
1560.1862868644457,14094.748,5.008048
1560.2067207537402,14102.162,5.0086803
1560.227154843269,14100.501,5.006484
1560.2475888329063,14099.229,5.0104465
1560.268022722783,14093.401,5.0104284
1560.2884568128939,14098.054,5.0091376
1560.3088908032296,14091.244,5.009229
1560.3293247938054,14095.495,5.008125
1560.3497587844977,14099.124,5.01039
1560.370192775532,14091.422,5.0117025
1560.3906268666906,14091.693,5.0072293
1560.4110607580806,14093.712,5.0076566
1560.4314947496969,14088.527,5.012085
1560.4519288414376,14089.094,5.0094433
1560.4723627334097,14094.102,5.009632
1560.4927968257252,14088.817,5.0086365
1560.5132308180473,14080.04,5.008597
1560.5336647107179,14086.717,5.008023
1560.5540988036155,14098.141,5.0142403
1560.574532796636,14088.743,5.0058193
1560.5949666898887,14090.628,5.0119314
1560.6154007833684,14083.878,5.009699
1560.6358347770874,14079.827,5.009341
1560.6562687710393,14085.358,5.011745
1560.6767027651003,14090.592,5.011685
1560.6971367594015,14089.417,5.0115457
1560.738004748695,14086.564,5.0119586
1560.7584387435782,14093.6455,5.014021
1560.778872838804,14086.177,5.011053
1560.7993067341522,14092.476,5.011016
1560.819740729734,14099.052,5.013907
1560.8401748254255,14089.793,5.009364
1560.962778804489,14096.673,4.992191
1560.9832127018162,14089.7295,5.0106096
1561.0036467992613,14151.279,5.008351
1561.0240807969312,14182.365,5.0294456
1561.0445148947256,14093.937,5.014618
1561.0649487928677,14094.056,5.014957
1561.0853827911196,14081.014,5.0146914
1561.1058168896125,14074.767,5.0114784
1561.1262507883366,14132.034,5.025694
1561.146684787287,14092.148,5.011066
1561.167118886362,14090.107,5.01456
1561.1875527856682,14088.097,5.0057783
1561.2079867852008,14096.087,5.012715
1561.2284208849742,14090.638,5.0169296
1561.2488547849207,14091.5,5.014432
1561.2692888850943,14097.902,5.0158424
1561.289722885449,14087.936,5.0160923
1561.3101568860366,14100.971,5.0179386
1561.3305908867915,14090.018,5.017125
1561.3510248877865,14101.107,5.0171494
1561.371458888956,14104.271,5.017683
1561.3918928903513,14087.794,5.015834
1561.4123268919866,14099.658,5.0177093
1561.4327609938482,14094.454,5.017241
1561.453194895832,14095.65,5.0158496
1561.4736288981076,14109.458,5.0202312
1561.4940629004996,14097.369,5.0169163
1561.5144969031753,14109.289,5.018852
1561.534930906033,14088.087,5.016583
1561.555365009117,14118.975,5.0206513
1561.5757989123813,14091.92,5.014767
1561.596232915821,14094.348,5.0178566
1561.6166670195526,14089.656,5.0161715
1561.63710092345,14088.688,5.017102
1561.6575350275307,14091.831,5.01758
1561.6779690318363,14088.169,5.0169044
1561.698402936323,14091.473,5.01739
1561.718837041044,14094.798,5.0176473
1561.7392710459972,14087.668,5.015211
1561.7597049511169,14090.852,5.0169168
1561.7801390564782,14094.024,5.0178776
1561.8005730620062,14094.348,5.017147
1561.821007167775,14098.64,5.0193105
1561.8414410737169,14099.853,5.017212
1561.8618750798923,14097.832,5.0186286
1561.882309186236,14101.585,5.0195885
1561.9027430928181,14095.162,5.018916
1561.9231770996266,14089.779,5.0181074
1561.9436112066178,14093.316,5.0171776
1561.964045113782,14095.247,5.017102
1561.98447912118,14100.085,5.018082
1562.004913228804,14093.721,5.016516
1562.0253472366094,14089.192,5.0177355
1562.0457812446402,14087.117,5.016849
1562.066215252853,14102.181,5.0174513
1562.0866491612978,14096.91,5.0168333
1562.1070832699115,14092.188,5.015553
1562.1275172787646,14098.774,5.0169497
1562.1479511877915,14096.336,5.0167613
1562.1683852970455,14106.304,5.0147624
1562.1888193065388,14095.34,5.0172105
1562.2092534162075,14092.29,5.016344
1562.229687326042,14090.283,5.0137744
1562.2501213361174,14098.81,5.015079
1562.2705554463682,14092.148,5.0161796
1562.2909893569013,14094.35,5.0144205
1562.3114233675587,14093.314,5.0126553
1562.3318574784498,14089.897,5.013922
1562.352291389565,14094.222,5.0157413
1562.3727255008635,14096.9795,5.013561
1562.393159512394,14095.595,5.0130343
1562.4135934240912,14089.557,5.01463
1562.43402753603,14103.27,5.0161114
1562.4544615481427,14100.389,5.0153747
1562.4748954604802,14088.163,5.0121956
1562.495329573001,14111.447,5.0165153
1562.515763585754,14096.932,5.0152206
1562.5361975986743,14102.248,5.0188575
1562.5566316118347,14104.7295,5.015403
1562.5770656251698,14097.838,5.0168595
1562.5974997387311,14090.012,5.011951
1562.6179336524729,14093.162,5.0164347
1562.6383676664482,14086.407,5.014005
1562.6588017805916,14102.386,5.0152817
1562.6792357949744,14106.563,5.0098643
1562.699669709531,14095.886,5.0133114
1562.7201038243147,14103.403,5.0176096
1562.740537739337,14096.843,5.0147824
1562.76097185447,14091.307,5.011855
1562.7814058699005,14094.058,5.011047
1562.8018397854466,14097.881,5.00894
1562.8222739012854,14091.135,5.010091
1562.8427079172907,14090.707,5.01527
1562.8631418334771,14102.446,5.0150137
1562.8835759498907,14101.6875,5.0110927
1562.9040099664853,14096.464,5.0119033
1562.924443883312,14091.239,5.01066
1562.944878000315,14091.392,5.0083265
1562.9653120175426,14090.018,5.010874
1562.985746134953,14091.614,5.0060883
1563.0061800525873,14095.839,5.010581
1563.0266140704043,14092.654,5.0125446
1563.047048188455,14096.867,5.009586
1563.0674821066787,14093.279,5.0117598
1563.0879161251287,14097.515,5.011477
1563.1083502437614,14092.781,5.009981
1563.128784162618,14097.255,5.009611
1563.1492182816582,14092.351,5.0116158
1563.1696523009305,14096.463,5.0101504
1563.19008632037,14088.725,5.007224
1563.2105203399915,14100.539,5.0098414
1563.230954359904,14101.759,5.012205
1563.2513883799256,14100.757,5.011221
1563.2718224001874,14098.413,5.011244
1563.292256420682,14097.837,5.008234
1563.3126904413439,14107.842,5.005955
1563.3331245621885,14099.956,5.009368
1563.3535584832644,14100.608,5.0115066
1563.3739925045666,14089.93,5.011134
1563.3944265260507,14086.395,5.012122
1563.4148605477094,14101.772,5.0091715
1563.4352946695944,14100.936,5.0085545
1563.4557285916599,14094.187,5.0088344
1563.4761626139589,14097.099,5.0097003
1563.496596736426,14098.954,5.012292
1563.5170306591317,14097.199,5.0118613
1563.5374647820136,14097.093,5.004047
1563.5578988051202,14111.616,5.0094075
1563.578332728408,14093.8955,5.0111547
1563.5987668518646,14095.297,5.013865
1563.6192008755606,14096.352,5.0117087
1563.6396347994887,14090.422,5.006352
1563.660068923593,14101.522,5.0108314
1563.6805029478637,14095.509,5.0092454
1563.7213709970529,14096.69,5.01254
1563.7418050219712,14095.944,5.008554
1563.762239147065,14097.176,5.01004
1563.78267307239,14112.585,5.013504
1563.8031070978832,14103.864,5.0105896
1563.823541223559,14112.141,5.011847
1563.8439752494596,14111.496,5.011132
1563.8644091755996,14089.655,5.0085998
1563.8848433019157,14099.513,5.0118546
1563.9052773283984,14100.585,5.0075045
1563.9257113551212,14098.498,5.011298
1563.9461453820186,14107.178,5.011527
1563.9665794091416,14094.76,5.0102954
1563.9870134364464,14099.957,5.0102506
1564.007447463926,14097.14,5.0117173
1564.027881491631,14098.96,5.01123
1564.0483155195761,14095.564,5.008114
1564.068749547696,14093.717,5.010314
1564.0891836759838,14101.665,5.009894
1564.1096176045103,14093.565,5.015865
1564.1300516332121,14098.887,5.009062
1564.1504857621403,14099.237,5.012064
1564.1709196912489,14092.914,5.010089
1564.1913537205328,14101.712,5.0115237
1564.211787850043,14101.723,5.0142217
1564.2322217797337,14095.955,5.010013
1564.2526558096579,14088.232,5.010742
1564.2730899397502,14098.971,5.0094104
1564.2935238700811,14102.734,5.0102477
1564.3139580005882,14088.854,5.012161
1564.3343920312618,14102.771,5.0126476
1564.3548259621748,14090.092,5.0126185
1564.3752600933221,14098.098,5.0094185
1564.3956941245779,14088.614,5.008783
1564.416128156132,14103.393,5.0136456
1564.4365621878023,14089.725,5.008409
1564.4569962196983,14101.398,5.012444
1564.4774303518352,14100.263,5.0111837
1564.4978643840877,14099.455,5.0108166
1564.5182983166233,14097.341,5.0121174
1564.538732449284,14100.411,5.01034
1564.5591664821695,14106.231,5.009959
1564.5796004152944,14103.614,5.012751
1564.6000345485954,14090.889,5.010362
1564.6204685820703,14102.304,5.009505
1564.64090251577,14097.712,5.0126624
1564.661336649653,14101.93,5.0149546
1564.6817705837675,14100.619,5.0116763
1564.7022047179926,14093.3545,5.0114517
1564.7226387525152,14094.34,5.007952
1564.7430726872117,14093.512,5.0088773
1564.763506822077,14106.606,5.0139885
1564.7839408571235,14093.185,5.0098734
1564.804374792402,14106.075,5.01127
1564.8248089279077,14098.999,5.01072
1564.8452429635363,14108.631,5.0118575
1564.8656770994494,14099.934,5.0091457
1564.8861110354846,14103.969,5.0118513
1564.9065450717535,14093.827,5.012453
1564.9269792082487,14094.316,5.012426
1564.947413144866,14107.415,5.0137944
1564.967847181717,14115.606,5.015686
1564.9882813187942,14102.575,5.011793
1565.0087152560518,14098.184,5.011622
1565.0291492934848,14101.585,5.01238
1565.0495834311441,14112.232,5.0144544
1565.0700174689846,14098.178,5.0127907
1565.0904515069997,14096.499,5.009561
1565.1108855452403,14101.115,5.011595
1565.131319583721,14103.682,5.0114675
1565.1517536223182,14097.286,5.011043
1565.172187661141,14109.897,5.0103726
1565.1926217002037,14101.403,5.010873
1565.2130558393837,14096.691,5.011053
1565.233489778846,14094.838,5.0115466
1565.2539239184334,14100.132,5.0125074
1565.274357958253,14095.414,5.011296
1565.294791898239,14098.138,5.0122485
1565.3152260384668,14106.16,5.0118756
1565.3356599788676,14093.044,5.0111017
1565.3560940194948,14108.194,5.015542
1565.3765281602464,14105.195,5.0126634
1565.3969621012293,14105.669,5.013753
1565.4173961424385,14106.629,5.013122
1565.4378302838304,14092.4375,5.010844
1565.4582642253954,14103.722,5.012581
1565.4786983671875,14100.275,5.0119214
1565.4991324091607,14088.876,5.0126233
1565.5195663513077,14109.682,5.014127
1565.5400004936819,14102.544,5.0108166
1565.5604345362372,14108.138,5.0150065
1565.5808685790253,14097.748,5.0122156
1565.6013026219807,14101.583,5.011408
1565.621736665118,14103.5625,5.014603
1565.6421708084235,14108.186,5.0129614
1565.6626047519676,14099.329,5.014546
1565.683038795687,14098.95,5.011989
1565.70347293964,14096.427,5.011051
1565.7239069837597,14107.247,5.011171
1565.7443409280604,14100.979,5.0120516
1565.7647750725882,14100.718,5.012613
1565.7852091172972,14092.162,5.0105076
1565.805643162239,14099.365,5.0124974
1565.8260772072972,14093.844,5.012915
1565.846511252581,14102.791,5.01323
1565.8669453981056,14103.232,5.0127506
1565.887379343796,14102.497,5.0112376
1565.9078133896692,14097.319,5.012629
1565.9282475357177,14098.491,5.012807
1565.9486814819902,14091.846,5.0113206
1565.9691155284454,14100.606,5.0118885
1565.9895495751334,14109.185,5.012102
1566.0099836219888,14092.728,5.012323
1566.0304177690268,14093.342,5.0109286
1566.050851716238,14100.645,5.01156
1566.0712857636754,14096.451,5.0101967
1566.0917199113537,14101.013,5.011171
1566.112153859147,14097.64,5.0121136
1566.1325879071665,14103.46,5.013799
1566.1530220553686,14097.319,5.012412
1566.1734560038021,14109.453,5.0130906
1566.1938901523463,14108.561,5.0122437
1566.214324201188,14091.078,5.0115495
1566.2347581501454,14095.106,5.010705
1566.2551922993298,14098.168,5.010625
1566.2756263486954,14108.695,5.0129805
1566.2960603982938,14092.001,5.011463
1566.3164944480595,14095.056,5.009426
1566.3369284980072,14099.469,5.0111027
1566.3573625481295,14102.21,5.0103817
1566.377796698478,14102.479,5.013217
1566.398230649007,14104.505,5.013099
1566.4186647997703,14100.223,5.0117974
1566.439098850642,14096.69,5.0100636
1566.4595328018113,14103.743,5.0110326
1566.4799669530912,14093.436,5.0086145
1566.5004010046105,14096.81,5.011087
1566.5208349563036,14104.258,5.010036
1566.5412691081729,14100.388,5.006707
1566.561703160267,14108.043,5.01217
1566.5821372125429,14104.878,5.012659
1566.6025712649862,14102.096,5.0115857
1566.6230052176688,14098.139,5.0107956
1566.6434393705276,14097.161,5.011788
1566.6638734235603,14092.736,5.009808
1566.7047415302004,14107.15,5.009703
1566.7251755838079,14097.776,5.01022
1566.7456096376554,14097.26,5.011411
1566.7660436916776,14100.571,5.01024
1566.7864777458744,14109.293,5.0099697
1566.8069119002394,14102.535,5.009174
1566.8273458548429,14095.117,5.008903
1566.8477799096145,14104.462,5.009499
1566.8682140645687,14090.877,5.011493
1566.888648119755,14095.944,5.01267
1566.909082075057,14089.282,5.010822
1566.9295162305862,14095.43,5.011937
1566.9499502863546,14109.086,5.012749
1566.9703843422903,14097.056,5.0111237
1566.990818398408,14099.231,5.007973
1567.0112524547003,14100.415,5.010817
1567.03168651116,14102.039,5.012495
1567.0521205678597,14108.967,5.012656
1567.0725546247922,14108.328,5.0086994
1567.0929887818347,14101.911,5.0100865
1567.1134227391158,14103.529,5.0100756
1567.133856896573,14101.357,5.0079503
1567.1542909541968,14103.864,5.0118165
1567.17472491206,14102.247,5.011475
1567.1951590700992,14095.58,5.008171
1567.215593128305,14101.447,5.0084553
1567.236027086692,14106.283,5.0112257
1567.2564612453134,14096.588,5.008699
1567.2768952041006,14101.1455,5.0096517
1567.2973292630704,14096.951,5.007407
1567.3177634222739,14100.391,5.009549
1567.338197381585,14102.43,5.010217
1567.3586315411376,14101.903,5.0123754
1567.3790656009223,14099.668,5.010197
1567.3994995608155,14106.662,5.0106907
1567.4199337209502,14107.608,5.009662
1567.4403677812588,14107.349,5.0097256
1567.460801841793,14103.013,5.0124836
1567.4812359024509,14099.182,5.006307
1567.5016699633416,14102.143,5.007314
1567.5221041244586,14091.417,5.0102415
1567.5425380856977,14111.096,5.010864
1567.5629721471705,14115.994,5.008034
1567.5834063088114,14110.411,5.0106187
1567.6038403706334,14098.129,5.006181
1567.6242743326875,14101.389,5.013017
1567.6447084948522,14095.06,5.009697
1567.6651425572563,14105.75,5.007487
1567.6855765198925,14104.522,5.0120173
1567.7060106826393,14089.086,5.008444
1567.7264447456255,14104.787,5.0108957
1567.7468789087798,14104.277,5.011441
1567.7673128721144,14100.565,5.009924
1567.7877469356827,14101.335,5.0068398
1567.808181099419,14108.408,5.0074854
1567.8286150633357,14102.38,5.012042
1567.8490491274279,14103.453,5.0089145
1567.8694832917463,14103.755,5.0080147
1567.889917256187,14101.519,5.0051856
1567.9103514208618,14109.349,5.0091352
1567.9307853857026,14094.916,5.0082607
1567.9512194507843,14101.627,5.009561
1567.9716536160413,14094.228,5.008405
1567.9920875814714,14103.497,5.010776
1568.0125216470697,14095.356,5.008466
1568.0329558128506,14103.575,5.009537
1568.0533897788555,14107.665,5.0118957
1568.073823845043,14110.937,5.0071964
1568.094258011406,14093.496,5.007086
1568.1146920779938,14103.241,5.008454
1568.1351261447053,14108.148,5.005373
1568.1555602116496,14101.528,5.0083313
1568.1759942787612,14105.143,5.009687
1568.1964283460547,14105.0205,5.0091534
1568.216862413581,14107.77,5.009423
1568.2372964812748,14103.106,5.0127754
1568.2577306491512,14099.469,5.0100455
1568.2781646172007,14096.914,5.0108247
1568.2985987854772,14100.028,5.009413
1568.3190328538767,14102.346,5.007877
1568.3394668225083,14100.171,5.0108275
1568.3599009913087,14104.081,5.0104613
1568.3803350603484,14102.496,5.006969
1568.4007690295039,14105.002,5.0109515
1568.4212031988864,14107.181,5.012789
1568.44163726845,14103.463,5.0096574
1568.4620712381875,14103.25,5.0109534
1568.482505408152,14099.163,5.0091453
1568.5029394782396,14106.284,5.0059805
1568.5233736485534,14100.464,5.008404
1568.5438076190476,14100.572,5.0081463
1568.5642415897164,14092.065,5.0071115
1568.5846757606196,14106.733,5.008782
1568.6051098316893,14096.461,5.0098453
1568.6255439028828,14105.778,5.010025
1568.6459779743018,14096.447,5.0102005
1568.666412045961,14106.141,5.007961
1568.6868462177372,14098.488,5.009372
1568.7072801897448,14099.671,5.005358
1568.7277142619205,14106.132,5.0095954
1568.7481484342788,14107.717,5.0082345
1568.7685825068038,14106.756,5.00952
1568.789016479568,14102.624,5.0061803
1568.8094506524503,14106.436,5.0082316
1568.8298847255573,14104.552,5.008729
1568.8503187988463,14098.498,5.009535
1568.870752872368,14106.058,5.009201
1568.891186945999,14113.002,5.007862
1568.9116211198707,14098.735,5.0077467
1568.9320550939156,14114.674,5.007042
1568.9524891681285,14102.007,5.00863
1568.9729233425242,14132.432,5.020138
1568.993357317093,14100.178,5.0105925
1569.013791391888,14106.041,5.0055656
1569.0342255668656,14099.187,5.008164
1569.0546595419582,14098.912,5.005365
1569.0750937173361,14099.747,5.0076003
1569.095527792837,14111.743,5.0079985
1569.1159617685698,14107.709,5.0089517
1569.1363959444134,14102.418,5.0061493
1569.1568300204963,14094.93,5.0031133
1569.177263996753,14096.543,5.009549
1569.1976981731787,14112.608,5.0093126
1569.2181321498429,14101.976,5.0103636
1569.238566326625,14107.858,5.0092854
1569.259000403632,14105.617,5.006895
1569.27943438082,14089.171,5.00335
1569.2998685581842,14099.943,5.0052795
1569.320302635715,14100.876,5.005429
1569.340736713486,14108.267,5.006551
1569.3611707913733,14108.58,5.007257
1569.3816048694862,14103.983,5.0066996
1569.402038947781,14102.108,5.0057282
1569.4224730262504,14114.778,5.0062046
1569.4429071048871,14115.388,5.010309
1569.4633412837647,14107.177,5.0037065
1569.4837753627507,14109.226,5.0044117
1569.504209341976,14109.691,5.0075026
1569.5246435213776,14094.885,5.005719
1569.545077600953,14111.376,5.0131445
1569.5655115806949,14104.25,5.0072927
1569.5859457606202,14099.573,5.003343
1569.6063798407704,14136.576,5.017448
1569.6268140211032,14124.7,5.011795
1569.647248001551,14100.783,5.0088882
1569.6881162630816,14101.971,5.009892
1569.7085502441696,14103.795,5.0077643
1569.7289843253675,14108.635,5.011618
1569.7494185068063,14112.907,5.01423
1569.76985248836,14103.447,5.0074286
1569.7902865701471,14103.392,5.011789
1569.8107207521025,14099.772,5.0085993
1569.8311547342382,14100.869,5.010445
1569.851588916601,14107.593,5.012147
1569.872022899086,14128.608,5.011575
1569.8924569818046,14093.662,5.0093937
1569.912891164633,14104.934,5.012299
1569.9333251477,14100.745,5.010205
1569.9537592309425,14102.918,5.0105987
1569.974193414353,14103.848,5.008874
1569.9946274979447,14103.473,5.0116744
1570.0150615817693,14097.2295,5.011245
1570.035495665703,14103.468,5.0089526
1570.0559297498767,14105.332,5.0111275
1570.076363834225,14105.978,5.0105343
1570.0967979187408,14105.839,5.0101542
1570.1172320034384,14099.509,5.0136566
1570.1376661883114,14100.103,5.012561
1570.1581001733502,14105.299,5.0127835
1570.1785343586307,14100.687,5.01085
1570.1989684440268,14107.196,5.0104256
1570.2194024296477,14097.986,5.011052
1570.2398366153939,14103.77,5.01279
1570.260270701372,14118.721,5.013881
1570.2807046875168,14094.209,5.012639
1570.301138873845,14099.471,5.012181
1570.3215729604053,14109.957,5.012668
1570.342006947074,14104.196,5.0109425
1570.362441133926,14108.951,5.0110807
1570.3828752210102,14098.938,5.0095367
1570.4033093082617,14107.829,5.011965
1570.4237433956368,14101.173,5.0118666
1570.4441774832449,14112.536,5.0127907
1570.4646115710202,14108.816,5.0124664
1570.4850456589775,14098.399,5.0096908
1570.5054797471676,14115.047,5.012936
1570.5259138354668,14106.587,5.012017
1570.546347923948,14102.139,5.0111628
1570.5667821126553,14102.391,5.0123425
1570.5872161015432,14104.721,5.010724
1570.6076501905482,14100.145,5.012067
1570.6280843797867,14093.007,5.011939
1570.648518469192,14108.698,5.0113387
1570.6689524587782,14095.179,5.0111904
1570.6893866485334,14100.729,5.0113273
1570.7098207384697,14103.452,5.0118504
1570.730254728638,14100.188,5.0114436
1570.7506889189244,14103.97,5.0118947
1570.7711230094355,14106.587,5.0104036
1570.791557200071,14098.948,5.010223
1570.8119911909307,14104.037,5.0104523
1570.832425281973,14101.992,5.011816
1570.8528594731906,14100.154,5.009647
1570.8732934645814,14128.727,5.0186663
1570.8937275561402,14099.253,5.0112166
1570.9141617478817,14102.88,5.0122557
1570.934595739789,14107.087,5.012385
1570.9550299318798,14094.976,5.008065
1570.9754640242027,14098.684,5.0095577
1570.9958980166411,14100.275,5.011807
1571.0163322093067,14103.939,5.010206
1571.0367663020952,14112.474,5.0117025
1571.0572002951085,14102.7705,5.0125275
1571.0776344883052,14120.49,5.012033
1571.0980685816176,14100.156,5.010597
1571.1185025751547,14110.567,5.0110035
1571.1389367688753,14093.011,5.0110736
1571.1593708627697,14101.809,5.0116324
1571.1798049568315,14104.797,5.0113225
1571.2002390511334,14101.878,5.0108438
1571.2206731455517,14097.95,5.0107803
1571.2411072401374,14096.6045,5.010818
1571.261541334963,14103.627,5.0123653
1571.2819754299053,14100.694,5.0118957
1571.302409525073,14100.244,5.0098124
1571.3228436203644,14100.332,5.0115614
1571.3432778158895,14103.813,5.011575
1571.3637119115228,14109.776,5.0126524
1571.3841459073956,14104.623,5.012964
1571.4045801034372,14115.208,5.0177917
1571.42501419966,14110.789,5.0136213
1571.4454481960565,14103.214,5.0100446
1571.4658823926293,14096.934,5.010432
1571.4863164893686,14101.272,5.0119753
1571.506750486289,14102.781,5.010604
1571.5271846833784,14103.575,5.0120077
1571.547618780649,14113.919,5.008857
1571.5680529780948,14105.81,5.0127463
1571.588486975772,14120.238,5.0128574
1571.608921073559,14106.19,5.012059
1571.6293552715288,14108.535,5.0102625
1571.6497892697225,14109.913,5.0137324
1571.6702233680408,14101.999,5.0131984
1571.6906575665926,14107.816,5.013176
1571.7110915652593,14106.409,5.0115576
1571.731525764153,14121.789,5.012049
1571.7519598631698,14100.662,5.011185
1571.7723938624113,14097.478,5.011369
1571.7928280618362,14105.891,5.0138025
1571.8132621613768,14103.76,5.0121264
1571.8336961611494,14106.683,5.013895
1571.854130361091,14102.86,5.0115185
1571.8745644612136,14105.454,5.0097685
1571.8949984615028,14104.253,5.008603
1571.9154326619755,14093.7,5.011612
1571.9358667625638,14105.611,5.012144
1571.9563009633785,14106.838,5.0103507
1571.9767349643735,14100.663,5.010216
1571.9971690655439,14102.785,5.0105114
1572.0176032668824,14102.65,5.0111723
1572.0380372684012,14106.405,5.0117264
1572.0584713701537,14101.3955,5.008598
1572.078905572016,14104.313,5.0111585
1572.0993395740588,14118.427,5.0100174
1572.1197737762777,14106.539,5.006939
1572.1402078786632,14106.855,5.0119615
1572.1606418812298,14098.45,5.0090957
1572.1810760839726,14102.845,5.0092916
1572.2015101869401,14107.399,5.011924
1572.2219441899724,14102.7705,5.0102506
1572.2423783932973,14102.184,5.0095506
1572.2628124967305,14103.1045,5.0099907
1572.2832466003456,14110.52,5.010841
1572.3036807041935,14102.693,5.0086226
1572.3241148081506,14101.446,5.009877
1572.3445489122896,14099.365,5.0110416
1572.3649830166032,14104.045,5.0091853
1572.3854171210842,14103.874,5.0086493
1572.4058512258052,14104.017,5.011172
1572.4262853306427,14099.399,5.0073705
1572.4467194356475,14105.25,5.0097837
1572.4671535408925,14102.07,5.009233
1572.4875876462538,14099.21,5.009407
1572.5080218517833,14108.309,5.011378
1572.5284559574939,14106.284,5.008825
1572.5488899633783,14106.629,5.0088935
1572.5693241694898,14104.911,5.009567
1572.5897582757243,14103.906,5.010622
1572.6101922821326,14109.61,5.0092463
1572.6306264887098,14103.775,5.010798
1572.6714946024586,14100.0625,5.0078588
1572.6919288095596,14105.278,5.0077143
1572.7123629168418,14113.136,5.0101657
1572.7327971242921,14102.603,5.008308
1572.7532311319228,14107.783,5.008071
1572.773665239787,14100.221,5.009373
1572.7940994477613,14103.532,5.011044
1572.8145334559158,14101.929,5.0081744
1572.8349675642457,14104.016,5.0088844
1572.8554017727438,14103.71,5.0103254
1572.8758357814222,14106.378,5.0115256
1572.8962699902768,14095.441,5.00922
1572.916704099298,14103.931,5.0087185
1572.9371381085002,14112.067,5.0110254
1572.9575723178787,14106.713,5.010242
1572.9780064273655,14108.828,5.0102706
1572.9984405370924,14106.478,5.009578
1573.018874646994,14109.791,5.0106206
1573.0393087570628,14108.373,5.0089045
1573.0597427673129,14094.512,5.0098815
1573.0801769776808,14104.473,5.010405
1573.1006110882736,14100.431,5.0077124
1573.1210451990482,14110.547,5.0077224
1573.1414793099393,14109.632,5.011095
1573.161913421056,14106.604,5.008948
1573.182347632297,14100.891,5.010259
1573.2027816437694,14102.48,5.0069337
1573.2232157553517,14104.119,5.010891
1573.2436499671749,14109.377,5.00842
1573.264083979113,14097.9795,5.0096292
1573.2845181912198,14105.166,5.0099254
1573.304952303566,14104.009,5.0098495
1573.325386316028,14098.755,5.0086684
1573.3458205286588,14102.496,5.0062456
1573.3662546414707,14097.652,5.009855
1573.3866886544565,14093.442,5.008943
1573.4071228676112,14112.704,5.009424
1573.427556980947,14109.406,5.0107284
1573.4479909944566,14103.511,5.006701
1573.4684252081352,14108.5205,5.008672
1573.4888593219948,14102.963,5.0084953
1573.5092935359717,14096.643,5.0072713
1573.5297275501725,14109.876,5.0072074
1573.550161664556,14110.027,5.0081034
1573.5705958790495,14096.778,5.0090947
1573.5910298937815,14105.752,5.0091166
1573.6114640086307,14093.867,5.0082703
1573.6318982236553,14107.579,5.0112934
1573.6523323389047,14103.95,5.0096483
1573.6727664542777,14106.282,5.0097837
1573.6932005698181,14108.172,5.0087404
1573.7136345855397,14096.737,5.0080757
1573.7340688014374,14107.243,5.01054
1573.754502917509,14111.083,5.0102983
1573.774936933747,14106.254,5.0091987
1573.7953711501686,14108.151,5.010634
1573.8158052667568,14106.837,5.0094004
1573.8362392834679,14108.915,5.010761
1573.8566735004133,14101.046,5.007445
1573.8771076174671,14107.736,5.0093236
1573.8975418347618,14103.634,5.010188
1573.9179758521714,14106.532,5.007397
1573.938409969749,14102.858,5.0050097
1573.9588441875094,14092.124,5.008866
1573.9792782054428,14107.253,5.006035
1573.9997123235444,14099.014,5.0061316
1574.0201465418286,14103.438,5.0070825
1574.040580560286,14104.972,5.0075836
1574.061014778912,14109.283,5.0075293
1574.0814488976612,14108.055,5.0056996
1574.1018829166424,14111.029,5.008638
1574.1223171357342,14101.537,5.006261
1574.1427512550654,14111.828,5.0101304
1574.163185374513,14106.54,5.009319
1574.183619494128,14107.679,5.008349
1574.2040536139248,14101.819,5.005239
1574.2244877338962,14104.245,5.0094705
1574.244921854035,14111.4795,5.008171
1574.2653559743558,14100.594,5.005835
1574.285790094793,14101.959,5.0089855
1574.3062243154563,14095.269,5.008343
1574.326658336242,14108.298,5.0087037
1574.3470924572612,14107.859,5.010188
1574.3675265783895,14104.707,5.008229
1574.3879606996998,14099.8,5.008111
1574.4083949211781,14107.988,5.0090923
1574.4288289428368,14106.208,5.0092807
1574.4492631646717,14115.71,5.0087876
1574.4696972866805,14106.906,5.0090795
1574.4901313087976,14096.938,5.008877
1574.5105655311563,14106.903,5.007243
1574.5309996536234,14105.436,5.0098515
1574.5514336762717,14100.024,5.0057178
1574.571867899096,14101.977,5.0064425
1574.5923020220944,14092.514,5.0078135
1574.6127362452607,14109.349,5.0086384
1574.6331702686075,14095.543,5.0077796
1574.6536043921224,14104.614,5.0077343
1574.6740386157617,14098.356,5.0071096
1574.694472639574,14099.933,5.006922
1574.71490676362,14100.133,5.0067983
1574.735340987776,14105.304,5.0045514
1574.7557750121123,14111.005,5.0057807
1574.7762091366167,14097.341,5.0073295
1574.7966433613037,14109.935,5.0041456
1574.8170774861064,14112.916,5.005682
1574.8375116111347,14098.919,5.004134
1574.8579457362866,14102.48,5.00366
1574.8783798616132,14107.646,5.006545
1574.8988139871071,14101.616,5.0060678
1574.919248112783,14103.832,5.008419
1574.9396822386334,14103.57,5.0084143
1574.9601163646512,14106.383,5.0053897
1574.9805504907927,14096.762,5.0054502
1575.000984617167,14107.268,5.0038137
1575.0214187436504,14098.723,5.004604
1575.0418528703158,14110.328,5.005508
1575.0622870971565,14102.248,5.0065584
1575.082721124163,14110.517,5.006731
1575.103155251294,14110.298,5.003269
1575.1235894786587,14103.939,5.005953
1575.144023506131,14095.409,5.0062637
1575.1644576337858,14108.724,5.0052123
1575.184891861616,14112.038,5.006916
1575.2053258896121,14105.065,5.006104
1575.2257601177917,14102.658,5.0057244
1575.2461942460868,14107.832,5.003514
1575.2666282746068,14107.321,5.0030603
1575.287062503252,14103.533,5.004618
1575.307496632071,14104.633,5.008105
1575.3279306610566,14107.849,5.0025945
1575.3483648902256,14103.083,5.0015697
1575.3687990195103,14103.535,4.9997826
1575.3892332490213,14109.577,5.007025
1575.4096672786545,14104.972,5.0057034
1575.430101408463,14104.009,5.0046277
1575.4505356384398,14105.097,5.0038877
1575.4709697685976,14101.945,5.003169
1575.491403798871,14105.745,5.0037127
1575.5118380293716,14098.083,5.000242
1575.532272159995,14100.468,5.0049314
1575.5527061907924,14104.617,5.0041046
1575.5731404217586,14099.554,5.0023346
1575.593574552906,14100.146,5.003274
1575.6140086842206,14102.053,5.0036535
1575.6548768472712,14110.252,5.0083284
1575.6753110790596,14100.655,5.0010004
1575.6957452110146,14100.7,5.002936
1575.7161792431507,14109.326,5.004165
1575.7366134753975,14100.823,5.0028567
1575.7570476078836,14106.405,5.0027065
1575.7774818404869,14103.599,5.003198
1575.797915873205,14102.84,5.0033803
1575.8183500061496,14100.357,5.0038614
1575.8387842392767,14104.546,5.0059385
1575.8592182725115,14107.285,5.005602
1575.879652405929,14116.311,5.005833
1575.9000866395218,14115.103,5.006906
1575.9205206732877,14107.179,5.001938
1575.9409548072217,14106.237,5.005121
1575.9613890412802,14109.883,5.001013
1575.9818230755045,14101.124,5.0058804
1576.0022573099122,14100.761,5.0056167
1576.0226914444938,14100.02,5.0048366
1576.0431255791846,14102.939,5.0020823
1576.0635597141154,14097.783,5.0052443
1576.0839938491627,14100.622,5.0046287
1576.1044279843773,14101.834,5.00425
1576.1248621197155,14104.652,5.003759
1576.1452962552867,14105.033,5.004438
1576.165730390967,14095.018,5.004909
1576.1861646268299,14106.548,5.003735
1576.2065986628659,14105.935,5.0046053
1576.2270328990708,14099.151,5.0054607
1576.2474670354568,14103.803,5.002979
1576.2679010719585,14111.037,5.004132
1576.288335308629,14109.623,5.0061064
1576.30876934548,14107.371,5.0033274
1576.329203482448,14094.334,5.005185
1576.3496377196425,14101.158,5.0038433
1576.370071756959,14096.549,4.9660935
1576.3905059944518,14109.204,5.0041056
1576.4109401321111,14105.356,5.0031075
1576.4313741698934,14100.688,5.0047793
1576.45180840791,14107.882,5.004995
1576.4722425459768,14098.611,5.003384
1576.492676584283,14095.46,5.001357
1576.5131108227652,14106.184,5.003727
1576.5335449613558,14100.416,5.002214
1576.5539791001283,14107.41,5.006172
1576.5744132390682,14097.742,5.0041437
1576.59484737819,14105.903,5.0029187
1576.6152816174872,14108.85,5.004429
1576.6357156568993,14104.513,5.005012
1576.6561497964794,14103.828,5.0028024
1576.676584036184,14105.327,5.0042167
1576.6970181761135,14109.628,5.004362
1576.7174522161658,14097.103,5.0024242
1576.7378864563943,14110.267,5.00539
1576.7583205967894,14103.293,5.004126
1576.7787547373082,14104.943,5.002813
1576.7991888780598,14103.2295,5.002493
1576.8196230189205,14107.272,5.0043597
1576.8400572599057,14105.449,5.0060625
1576.8604913011222,14099.006,5.0032296
1576.8809254424486,14103.129,5.0041137
1576.9013596839577,14098.893,5.003959
1576.9217937256399,14104.527,5.0047636
1576.9422278674901,14104.832,5.0020046
1576.962662009464,14102.818,5.004401
1576.9830961516127,14105.65,5.0035367
1577.0035303939294,14106.912,5.0037217
1577.0239644363683,14112.809,5.0032334
1577.0443985789825,14109.486,5.003501
1577.0648328217649,14099.627,5.004364
1577.0852668647276,14105.168,5.004339
1577.1057010078075,14108.167,5.0053835
1577.1261352511137,14101.34,5.002442
1577.1465692945421,14102.802,5.0031314
1577.1670035380885,14107.634,5.0041113
1577.1874376818596,14107.742,5.0047994
1577.2078717257536,14112.335,5.0025187
1577.2283059698239,14101.665,5.002484
1577.2487401140024,14107.145,5.0040736
1577.2691742584211,14105.146,5.0031443
1577.2896084029562,14101.742,5.003757
1577.3100425476005,14107.182,5.0033827
1577.3304766924848,14101.864,5.004354
1577.3509109374863,14102.512,5.003426
1577.3713449826537,14093.384,5.0037184
1577.3917792280045,14106.842,5.0028024
1577.4122133734636,14102.579,5.0020742
1577.432647419104,14098.212,5.0047584
1577.4530816649203,14104.087,5.0035286
1577.4735158109106,14107.85,5.0039697
1577.4939498570093,14109.777,5.002736
1577.5143841032914,14108.244,5.0051427
1577.5348182496818,14101.496,5.004943
1577.5552523963124,14105.994,5.0040455
1577.5756865430594,14097.676,5.0021467
1577.5961205899803,14107.978,5.003001
1577.6165548370118,14099.391,5.00242
1577.6369889842244,14111.809,5.0035253
1577.657423031611,14107.664,5.0036144
1577.6778572791663,14099.488,5.0042253
1577.6982914268447,14097.535,5.00295
1577.7187255746976,14102.682,5.0033903
1577.739159722718,14104.07,5.003331
1577.7595938708619,14106.907,5.004803
1577.780028119174,14104.732,5.0039043
1577.8004621676664,14105.256,5.0033545
1577.8208963163343,14102.84,5.0029974
1577.841330565112,14105.257,5.0036054
1577.861764714071,14098.925,5.0023093
1577.8821987631454,14101.959,5.002532
1577.902633012447,14102.634,5.004272
1577.9230671618716,14102.805,5.003991
1577.9435013114125,14105.228,5.001447
1577.963935461179,14105.506,5.0029182
1577.9843696110693,14099.371,5.0019217
1578.004803761076,14101.845,5.0045986
1578.025237911308,14093.614,5.002605
1578.045672061664,14094.847,5.0027804
1578.0661063121952,14104.237,5.0029836
1578.086540362834,14111.389,5.0031996
1578.1069745136556,14109.478,5.002734
1578.1274087646525,14113.484,5.0035725
1578.147842815757,14097.712,5.003203
1578.1682770671032,14105.471,5.002943
1578.1887112185068,14102.678,5.0025578
1578.2091452701352,14102.11,5.001938
1578.2295795218888,14103.677,5.001712
1578.2500135738155,14102.357,5.0034213
1578.2704477258521,14101.378,5.0020423
1578.2908819781296,14110.859,5.0021873
1578.3113160304638,14091.632,5.0017047
1578.331750283025,14104.54,4.999904
1578.3521844357092,14094.58,5.0010333
1578.3726184885672,14089.232,4.999971
1578.393052741536,14105.171,5.0007915
1578.413486894744,14102.944,5.0026016
1578.4339210480102,14100.332,5.0007954
1578.454355201502,14096.631,4.9997625
1578.4747893551175,14097.687,5.000714
1578.4952235089077,14102.782,5.0011053
1578.515657662807,14103.335,5.0015697
1578.536091816888,14099.12,5.0000873
1578.5565260711446,14104.943,5.003154
1578.5769602255677,14103.286,5.0002165
1578.5973942801138,14103.956,5.0000777
1578.6382626896666,14111.361,5.002921
1578.6586967446783,14095.585,5.001567
1578.679130999808,14105.445,4.9988847
1578.6995651551624,14094.903,4.999467
1578.7199992105816,14106.095,5.0015144
1578.7404334662278,14095.263,4.9984903
1578.760867621997,14095.654,5.0010033
1578.7813018779416,14103.388,5.002364
1578.8017359340593,14113.907,5.0009284
1578.8221700902868,14098.462,5.001675
1578.842604346697,14118.855,5.0013304
1578.863038403215,14100.67,5.0010347
1578.8834725599154,14106.816,5.000742
1578.9039067167905,14103.767,4.9981184
1578.924340873782,14104.178,5.0006714
1578.9447751309417,14117.74,5.0017233
1578.9652091882235,14100.742,4.9978065
1578.9856433456735,14105.366,5.0005264
1579.006077603306,14101.489,4.9977374
1579.0265116611117,14100.529,5.000542
1579.0469458190273,14100.823,4.9984465
1579.0673800771256,14096.971,4.999664
1579.0878142353395,14100.672,4.9976315
1579.10824829372,14106.121,4.9969845
1579.1286825522257,14106.717,4.999493
1579.1491167109052,14101.868,4.999799
1579.1695508697521,14092.798,4.999135
1579.1899850287227,14101.248,4.9969816
1579.210419187868,14105.924,4.9997387
1579.2308534471813,14107.405,5.0000825
1579.2512875066168,14102.577,4.9964705
1579.2717216662277,14100.696,4.9976068
1579.2921559260067,14106.932,4.9985423
1579.3125899859078,14095.1455,4.997005
1579.3330242459197,14099.378,4.9980736
1579.3534584061708,14105.865,4.9990973
1579.3738924664794,14105.71,4.9991903
1579.3943267270224,14096.94,4.9975085
1579.4147608876738,14092.523,4.995986
1579.435194948448,14107.584,4.998501
1579.4556292094494,14105.934,4.998426
1579.4760633705737,14095.228,4.9964924
1579.4964974318136,14093.953,4.9971485
1579.5169316932297,14106.306,4.997502
1579.5373657548116,14097.751,4.997396
1579.5578000165187,14110.124,4.997805
1579.5782341783924,14101.851,4.9955797
1579.598668340448,14101.935,4.998518
1579.61910250262,14096.556,4.9934387
1579.6395366649085,14091.346,4.997074
1579.6599708273643,14103.022,4.9989443
1579.680404990002,14098.579,4.9954243
1579.700839152807,14117.416,4.9984145
1579.7212734156783,14092.254,4.996512
1579.7417075787816,14104.734,4.9953356
1579.7621416420006,14094.761,4.9967628
1579.7825759053885,14103.448,4.996394
1579.8030100688993,14109.666,4.9986696
1579.8234441325767,14105.8,4.9976907
1579.8438783963793,14098.768,4.993473
1579.8643125603558,14102.937,4.9947805
1579.884746624506,14114.388,4.9984703
1579.905180888767,14095.982,4.995675
1579.9256150532092,14100.842,4.99501
1579.9460493177612,14095.23,4.993412
1579.9664833824936,14104.693,4.994954
1579.9869175474014,14101.876,4.994148
1580.0073518123609,14106.812,4.9969926
1580.027785877559,14105.252,4.996886
1580.0482200428742,14101.656,4.99589
1580.0686543083575,14103.379,4.9981127
1580.089088373963,14100.223,4.9968524
1580.109522539744,14105.934,4.995839
1580.1299568056347,14099.509,4.992745
1580.150390871706,14102.696,4.996622
1580.1708251379532,14103.993,4.9934535
1580.1912592043082,14105.389,4.9962955
1580.2116933707875,14104.791,4.995168
1580.2321276375005,14103.023,4.9922447
1580.252561704263,14100.756,4.9968233
1580.2729958712662,14109.689,4.9895263
1580.2934301383284,14105.565,4.9926643
1580.3138643056154,14092.088,4.991156
1580.3342984730261,14105.218,4.9955945
1580.3547326405533,14103.69,4.990849
1580.3751668082477,14099.404,4.98977
1580.3956009761241,14101.283,4.993046
1580.416035144117,14099.69,4.9918895
1580.4364693122188,14102.704,4.9951696
1580.4569035805616,14101.425,4.9948773
1580.477337648961,14109.752,4.9969664
1580.497771817587,14103.37,4.996148
1580.518206086279,14102.762,4.9944515
1580.5386401552023,14101.101,4.9964437
1580.5590744242363,14098.003,4.9930863
1580.5795085933933,14099.446,4.9945097
1580.599942662724,14104.802,4.9952545
1580.6203769321655,14100.302,4.993848
1580.6408111017881,14103.32,4.99202
1580.6612451715846,14104.456,4.989067
1580.6816794414917,14109.801,4.996045
1580.7021136115218,14098.574,4.9927306
1580.7225478817782,14099.577,4.9930387
1580.7429819520985,14095.23,4.9914055
1580.7634161225942,14101.723,4.9934916
1580.783850393258,14100.828,4.990855
1580.804284464044,14100.169,4.9950805
1580.8247186350054,14090.985,4.9898205
1580.8451528060832,14089.646,4.9924407
1580.8655869772701,14101.584,4.990824
1580.8860211486972,14097.774,4.9968433
1580.9064553202334,14094.268,4.993052
1580.9268894918932,14101.783,4.9950585
1580.9473237636703,14110.761,4.9934015
1580.9677579356721,14104.178,4.989973
1580.988192007797,14090.721,4.99324
1581.0086262800396,14093.55,4.99452
1581.029060452449,14110.612,4.9922404
1581.0494945249811,14101.215,4.990568
1581.0699287976895,14102.219,4.9913883
1581.0903629705062,14097.54,4.9933195
1581.1107972435057,14096.91,4.992391
1581.13123131662,14106.107,4.990814
1581.1516654899024,14091.173,4.994961
1581.1720997633092,14099.195,4.9963593
1581.1925338368892,14091.104,4.9922457
1581.2129680106373,14099.534,4.990343
1581.2334022844516,14107.742,4.9900737
1581.2538363584972,14106.35,4.9913254
1581.2742705325945,14099.622,4.9946427
1581.2947048069327,14106.793,4.995545
1581.3151388813276,14102.218,4.993011
1581.3355731559495,14104.129,4.995925
1581.3560073306362,14093.9,4.990333
1581.3764415055557,14099.313,4.9929
1581.3968756805261,14095.258,4.9919624
1581.4173098556785,14109.681,4.9945717
1581.4377440310054,14099.695,4.9893575
1581.4581782064415,14102.882,4.992159
1581.4786123820595,14104.481,4.9907327
1581.499046557794,14108.085,4.990757
1581.5194807336666,14103.447,4.9936514
1581.539914909692,14103.504,4.9926486
1581.560349085863,14103.236,4.9861236
1581.5807832621722,14099.588,4.98356
1586.8323642399919,14096.918,4.965638
1586.852798551059,14093.899,4.934081
1586.873232662183,14099.5205,4.9563603
1586.8936669734758,14097.455,4.956111
1586.9141011848915,14095.2705,4.9542913
1586.9345352964228,14089.743,4.952377
1586.9549696080649,14098.783,4.9596214
1586.975403819859,14093.232,4.9586205
1586.9958380317694,14094.694,4.954249
1587.016272243789,14092.91,4.959522
1587.0367064559323,14098.921,4.961202
1587.0571407682219,14090.502,4.9519134
1587.0775749806198,14088.506,4.9616594
1587.0980090931698,14100.575,4.956158
1587.1184434058378,14097.258,4.967534
1587.138877618585,14104.353,4.96325
1587.1593117314842,14095.718,4.963723
1587.1797460445305,14101.869,4.9663577
1587.200180257656,14095.026,4.9658055
1587.2206144709344,14102.553,4.9660215
1587.2410486843291,14089.725,4.969542
1587.2614827978614,14098.882,4.9696455
1587.2819171114897,14093.177,4.9716635
1587.3023513252629,14094.073,4.9684105
1587.3227854391444,14096.994,4.9706726
1587.3432197531802,14098.641,4.9742517
1587.3636539673025,14097.997,4.973621
1587.384088281564,14095.21,4.97592
1587.4045223959474,14095.314,4.9748116
1587.4249566104481,14100.178,4.9795194
1587.4453909250878,14094.203,4.9768195
1587.4658250398497,14092.262,4.9750457
1587.5066935697178,14092.56,4.9778132
1587.5271276848289,14094.012,4.9792266
1587.5475620000798,14094.504,4.980212
1587.5679962154245,14099.117,4.9823875
1587.5884304309438,14095.42,4.981409
1587.6088646465432,14091.03,4.983043
1587.6292988622663,14095.668,4.980655
1587.649733078135,14100.534,4.983731
1587.6701672941126,14100.1875,4.984952
1587.690601510214,14095.465,4.986589
1587.7110358264326,14094.193,4.9835577
1587.7314699427588,14100.288,4.9858007
1587.7519041592386,14093.555,4.9876437
1587.7723384758356,14093.132,4.985526
1587.792772692541,14096.794,4.9892397
1587.8132068093691,14088.305,4.987409
1587.8336411263153,14092.683,4.989165
1587.8540752433692,14096.421,4.989462
1587.8745095606064,14109.241,4.990614
1587.894943777901,14100.169,4.991587
1587.9153778953332,14091.933,4.990043
1587.9358122128906,14091.045,4.99194
1587.9562464305927,14099.972,4.9936595
1587.9766805483741,14095.988,4.9909534
1587.9971148663099,14090.974,4.9888835
1588.0175490843321,14091.452,4.9913683
1588.037983202492,14083.365,4.9908895
1588.0584175207769,14097.965,4.9927373
1588.0788517392066,14093.423,4.994831
1588.099286057717,14093.359,4.9933205
1588.119720176379,14087.707,4.991044
1588.1401543951288,14086.361,4.993982
1588.1605887140176,14085.319,4.9931374
1588.1810228330287,14096.922,4.9944353
1588.201457052157,14090.322,4.9945345
1588.221891371395,14099.541,4.9932203
1588.2423254907844,14098.371,4.9951987
1588.2627598102554,14092.221,4.9938755
1588.2831940298784,14092.679,4.9945965
1588.3036282495887,14096.28,4.992872
1588.3240624694445,14102.838,4.9959083
1588.3444966894094,14094.154,4.9922523
1588.364930909498,14096.843,4.994609
1588.3853651296959,14094.547,4.9947186
1588.4057993500173,14085.128,4.9935856
1588.4262335704843,14089.503,4.9946675
1588.4466678910612,14085.238,4.9926167
1588.4671020117312,14087.983,4.9947114
1588.4875363325482,14091.061,4.993315
1588.5079704534728,14096.787,4.9948063
1588.5284046744928,14086.233,4.9932027
1588.548838995659,14088.769,4.9938316
1588.5692731169402,14093.717,4.994611
1588.5897073383312,14088.987,4.9939
1588.6101416598467,14093.605,4.9936624
1588.630575781499,14102.215,4.995593
1588.6510101032472,14100.237,4.9950676
1588.6714443251112,14081.809,4.993822
1588.69187844712,14089.858,4.993929
1588.7123127692103,14105.75,4.9936504
1588.7327469914526,14094.002,4.9939713
1588.7531811137742,14090.965,4.9924636
1588.77361543625,14088.213,4.993653
1588.7940496588417,14093.029,4.9930735
1588.8144838815424,14081.842,4.9903064
1588.8349181043668,14091.748,4.9923587
1588.8553523273076,14090.53,4.9932375
1588.8757866503584,14095.5,4.9928317
1588.8962207735312,14089.4795,4.992486
1588.9166549968213,14092.209,4.9934034
1588.9370893202213,14095.306,4.9910297
1588.9575235437442,14098.664,4.991819
1588.9779576673827,14088.445,4.9929037
1588.998391991132,14091.628,4.9911437
1589.018826215004,14096.695,4.992647
1589.039260339021,14089.479,4.992951
1589.0596946631194,14098.002,4.9931154
1589.0801288873408,14091.018,4.9903193
1589.1005632117012,14097.851,4.990353
1589.1209973361547,14098.196,4.989094
1589.1414315607253,14092.949,4.991699
1589.1618657854415,14100.853,4.990302
1589.1823000102377,14094.533,4.989321
1589.2027341351568,14091.377,4.9887557
1589.223168460223,14091.271,4.9873295
1589.2436026853684,14098.149,4.990447
1589.2640370106383,14097.916,4.988145
1589.2844711360522,14092.071,4.989887
1589.3049053615468,14087.683,4.9868975
1589.325339687195,14090.589,4.9884777
1589.345773812929,14090.716,4.989513
1589.366208038773,14085.652,4.988142
1589.3866423647414,14098.58,4.989159
1589.4070764908247,14094.489,4.9860315
1589.427510717047,14096.342,4.987578
1589.4479450433646,14088.858,4.9889097
1589.4683792698197,14095.7295,4.988587
1589.4888134963694,14091.405,4.987943
1589.5092477230355,14086.467,4.9849124
1589.529681949818,14088.44,4.986386
1589.5501161767097,14099.529,4.985662
1589.570550403725,14097.329,4.984281
1589.5909846308496,14095.679,4.9842944
1589.6114189580985,14096.158,4.986456
1589.6318530854624,14091.106,4.9849877
1589.6522873129434,14091.466,4.9859476
1589.6727216405052,14090.508,4.984141
1589.6931557682183,14088.216,4.9855876
1589.713590096013,14088.22,4.983837
1589.7340243239596,14082.625,4.9808264
1589.754458452022,14089.264,4.9847913
1589.7748927801658,14086.294,4.9816327
1589.7953270084472,14091.933,4.982772
1589.8157611368442,14089.556,4.9803476
1589.8566295939672,14094.981,4.9817715
1589.8770639227005,14092.6,4.9832087
1589.897498151542,14091.371,4.983978
1589.917932280492,14090.213,4.982654
1589.9383666095746,14094.738,4.9837327
1589.9588008387655,14085.404,4.983762
1589.9792349680647,14087.214,4.981831
1589.999669297482,14087.879,4.981358
1590.0201035270074,14093.043,4.982414
1590.0405377566567,14090.976,4.9796233
1590.0609719864078,14085.987,4.9808874
1590.0814062162826,14084.898,4.978576
1590.1018405462673,14085.146,4.9816465
1590.122274676367,14088.15,4.9773273
1590.142708906562,14088.159,4.9805717
1590.1631432368958,14092.391,4.9815664
1590.183577467331,14088.786,4.98183
1590.2040115978743,14089.223,4.9762893
1590.2244459285284,14085.121,4.9798794
1590.2448801593127,14098.547,4.982288
1590.2653142901909,14088.374,4.9785733
1590.2857486211942,14080.63,4.9821677
1590.306182852306,14092.389,4.9794607
1590.3266171835276,14081.377,4.976829
1590.3470513148786,14092.065,4.9793496
1590.3674855463178,14083.864,4.9767146
1590.3879198778814,14081.456,4.976059
1590.408354009538,14087.669,4.9813795
1590.4287882413191,14095.099,4.980041
1590.449222473224,14089.881,4.9818096
1590.4696567052306,14086.199,4.9773903
1590.4900910373472,14081.628,4.980017
1590.510525169586,14092.022,4.9808702
1590.5309594019418,14088.486,4.976473
1590.551393734393,14090.863,4.979031
1590.571827866952,14080.947,4.978203
1590.592262099628,14092.678,4.9791756
1590.612696432414,14084.446,4.9775977
1590.633130565322,14078.139,4.9766517
1590.6535647983328,14073.352,4.9737716
1590.6739991314535,14092.224,4.980212
1590.694433364697,14095.901,4.976483
1590.7148675980425,14085.883,4.976734
1590.735301831497,14093.376,4.9746876
1590.7557360650608,14094.322,4.9772162
1590.776170298741,14095.24,4.979596
1590.7966045325302,14091.773,4.976508
1590.8170387664286,14090.223,4.9738464
1590.8374731004442,14087.734,4.977212
1590.8579072345528,14082.331,4.974603
1590.878341468786,14088.592,4.976179
1590.8987758031362,14081.298,4.97501
1590.9192099375796,14082.393,4.9733977
1590.9396442721481,14083.105,4.9718757
1590.9600785068178,14092.356,4.9721756
1590.9805126415959,14082.5,4.9709234
1591.000946976499,14075.5,4.962441
